===========================================
model name = models/mixed_models/ffnnSIGMOID__Point_6x200.h5
====================== Overapproximation ======================
--------------------1 layer -------------------
28.71780, 43.71467
-29.91106, -12.11664
-28.71391, -12.80628
-31.86830, -16.89292
-11.90634, 4.78865
-24.81141, -9.04529
-18.40773, -2.75300
5.97383, 21.40128
-50.41768, -33.14639
12.50726, 29.36212
-34.25537, -17.94126
-59.15884, -43.59095
-46.19001, -32.22648
-3.59932, 10.38167
-10.93593, 1.68359
29.05210, 45.30705
36.77571, 54.62879
-56.73876, -37.90367
-36.35070, -21.16671
-41.68603, -26.71201
-33.96083, -19.83926
-11.92031, 1.36011
-13.67312, -0.92010
-35.60814, -19.34090
-35.18182, -20.44429
-43.18099, -29.77155
-89.68738, -70.35811
-34.49269, -17.24392
-20.89787, -6.44957
-27.07432, -12.19951
13.18981, 28.84506
-6.48521, 12.22779
1.41424, 17.56923
47.75629, 62.68841
-18.23161, -3.81252
55.36032, 69.10609
-19.72228, -4.42756
-20.54804, -4.83606
-10.72959, 2.83045
-10.25165, 3.31769
-2.67172, 12.98160
-6.76284, 8.10479
-54.76860, -39.65519
-43.23305, -28.01642
-11.64206, 5.32711
-27.93655, -11.68825
-3.64759, 13.31948
-1.10453, 13.02851
-22.31432, -8.82333
-17.17752, -4.58006
-27.65984, -16.05970
5.64989, 22.36599
-6.18714, 6.76235
-19.61672, -6.09169
4.07773, 20.32262
-24.42809, -9.69817
4.00785, 20.09005
-72.00660, -55.00510
6.66800, 19.36967
-21.52643, -7.09250
-53.14322, -37.55517
25.23090, 39.63554
-21.11770, -7.90832
17.59353, 32.00609
11.01672, 28.56922
-12.26031, 1.43569
-6.03885, 7.86193
34.17248, 49.75340
-13.36855, 4.34117
-70.03127, -55.48325
-36.79093, -21.62346
-39.68057, -24.20710
-25.56402, -11.04365
-37.98897, -26.14040
-13.07023, 1.14746
-24.42462, -10.68132
-39.81804, -25.23384
-53.21378, -38.10461
-72.36983, -59.27155
-38.77114, -23.63421
-2.76258, 12.51255
-71.50949, -53.87662
1.63578, 20.32609
32.87062, 48.59989
-26.37061, -10.58058
-48.94678, -34.98028
-47.50510, -32.87814
-38.64343, -23.35536
-30.33963, -15.71947
-36.84583, -22.86627
-39.36237, -24.71348
3.73259, 17.89338
-8.95544, 4.74391
-0.75122, 14.26184
-49.74623, -33.51136
8.69310, 22.74594
-13.70530, 2.00930
-18.12457, -3.80228
-42.42773, -24.40973
-22.03791, -7.70232
20.53430, 35.21060
46.88367, 60.29530
19.26803, 35.08079
-51.12667, -37.09509
2.82106, 17.22376
34.87960, 48.34008
-26.25769, -11.90092
-21.77737, -5.65731
-31.43249, -16.79558
-13.28574, 3.73920
-32.55036, -16.85753
-35.54486, -21.43554
-67.45853, -48.73311
-54.00714, -41.35952
-22.72035, -8.91531
-35.28749, -19.60308
-24.92076, -7.76956
-34.04537, -20.23799
-7.56780, 7.71830
-48.99995, -33.68909
9.13916, 23.88366
-4.54066, 9.21571
-0.92715, 16.43398
-46.75982, -33.16222
-64.67913, -50.38510
-26.12673, -13.53181
-33.74931, -17.43185
-52.14349, -37.60854
-2.55389, 14.55666
-38.33873, -24.85534
-22.45274, -7.28079
-25.37895, -8.26854
30.25006, 47.72983
-31.75898, -18.56510
-34.26902, -20.61243
-12.83603, 5.20598
37.02785, 51.98870
-25.77461, -9.74404
-28.18605, -13.91853
-22.76553, -8.15162
-51.63403, -38.47659
-31.51242, -17.86305
-23.55942, -9.04161
0.48071, 15.27725
47.41017, 63.22178
-20.36943, -6.87667
-28.37324, -11.47358
36.61178, 51.37843
20.42570, 34.76191
-87.54111, -68.89824
-29.00583, -14.65885
-5.81399, 10.34438
21.15322, 38.99910
-46.67842, -32.31417
-26.91486, -12.18567
-26.29363, -12.38383
62.43776, 80.32440
-20.28014, -6.76984
-59.60362, -46.01442
-12.63792, 4.92345
-3.69774, 11.59073
-25.28670, -11.32119
-19.19290, -5.10172
-46.41736, -30.94253
-84.02589, -65.31738
-14.61850, -0.25116
-47.19286, -30.68908
-6.68043, 11.64755
-36.88411, -19.87358
-4.44840, 9.55386
-42.49679, -25.78348
-60.79283, -46.73868
-64.60148, -47.26807
-52.81935, -38.10345
-21.36365, -7.44225
-13.20139, -1.61677
-44.66247, -31.75268
-59.35918, -45.31803
-16.64198, 2.39415
-23.26320, -10.17690
-1.66033, 13.76611
16.55261, 30.26237
11.44038, 25.77936
-12.84452, 0.18825
51.36370, 64.34204
-56.78755, -39.05501
-36.63943, -22.00953
19.13972, 33.35027
38.37370, 56.02598
-50.89199, -35.17685
-0.39741, 14.95015
1.39846, 16.11476
-30.41321, -16.36218
-5.95925, 10.06688
-26.92664, -13.05451
1.43977, 15.20748
-69.84837, -54.79266
-6.98157, 6.17902
-53.68868, -36.36363
-43.03003, -25.94279
--------------------2 layer -------------------
1.00000, 1.00000
0.00000, 0.00001
0.00000, 0.00000
0.00000, 0.00000
0.00001, 0.99175
0.00000, 0.00012
0.00000, 0.05992
0.99746, 1.00000
0.00000, 0.00000
1.00000, 1.00000
0.00000, 0.00000
0.00000, 0.00000
0.00000, 0.00000
0.02661, 0.99997
0.00002, 0.84338
1.00000, 1.00000
1.00000, 1.00000
0.00000, 0.00000
0.00000, 0.00000
0.00000, 0.00000
0.00000, 0.00000
0.00001, 0.79578
0.00000, 0.28494
0.00000, 0.00000
0.00000, 0.00000
0.00000, 0.00000
0.00000, 0.00000
0.00000, 0.00000
0.00000, 0.00158
0.00000, 0.00001
1.00000, 1.00000
0.00152, 1.00000
0.80443, 1.00000
1.00000, 1.00000
0.00000, 0.02161
1.00000, 1.00000
0.00000, 0.01180
0.00000, 0.00788
0.00002, 0.94430
0.00004, 0.96503
0.06466, 1.00000
0.00115, 0.99970
0.00000, 0.00000
0.00000, 0.00000
0.00001, 0.99517
0.00000, 0.00001
0.02539, 1.00000
0.24889, 1.00000
0.00000, 0.00015
0.00000, 0.01015
0.00000, 0.00000
0.99649, 1.00000
0.00205, 0.99884
0.00000, 0.00226
0.98334, 1.00000
0.00000, 0.00006
0.98215, 1.00000
0.00000, 0.00000
0.99873, 1.00000
0.00000, 0.00083
0.00000, 0.00000
1.00000, 1.00000
0.00000, 0.00037
1.00000, 1.00000
0.99998, 1.00000
0.00000, 0.80779
0.00238, 0.99962
1.00000, 1.00000
0.00000, 0.98715
0.00000, 0.00000
0.00000, 0.00000
0.00000, 0.00000
0.00000, 0.00002
0.00000, 0.00000
0.00000, 0.75905
0.00000, 0.00002
0.00000, 0.00000
0.00000, 0.00000
0.00000, 0.00000
0.00000, 0.00000
0.05938, 1.00000
0.00000, 0.00000
0.83696, 1.00000
1.00000, 1.00000
0.00000, 0.00003
0.00000, 0.00000
0.00000, 0.00000
0.00000, 0.00000
0.00000, 0.00000
0.00000, 0.00000
0.00000, 0.00000
0.97663, 1.00000
0.00013, 0.99137
0.32056, 1.00000
0.00000, 0.00000
0.99983, 1.00000
0.00000, 0.88177
0.00000, 0.02183
0.00000, 0.00000
0.00000, 0.00045
1.00000, 1.00000
1.00000, 1.00000
1.00000, 1.00000
0.00000, 0.00000
0.94380, 1.00000
1.00000, 1.00000
0.00000, 0.00001
0.00000, 0.00348
0.00000, 0.00000
0.00000, 0.97678
0.00000, 0.00000
0.00000, 0.00000
0.00000, 0.00000
0.00000, 0.00000
0.00000, 0.00013
0.00000, 0.00000
0.00000, 0.00042
0.00000, 0.00000
0.00052, 0.99956
0.00000, 0.00000
0.99989, 1.00000
0.01055, 0.99990
0.28350, 1.00000
0.00000, 0.00000
0.00000, 0.00000
0.00000, 0.00000
0.00000, 0.00000
0.00000, 0.00000
0.07217, 1.00000
0.00000, 0.00000
0.00000, 0.00069
0.00000, 0.00026
1.00000, 1.00000
0.00000, 0.00000
0.00000, 0.00000
0.00000, 0.99455
1.00000, 1.00000
0.00000, 0.00006
0.00000, 0.00000
0.00000, 0.00029
0.00000, 0.00000
0.00000, 0.00000
0.00000, 0.00012
0.61792, 1.00000
1.00000, 1.00000
0.00000, 0.00103
0.00000, 0.00001
1.00000, 1.00000
1.00000, 1.00000
0.00000, 0.00000
0.00000, 0.00000
0.00298, 0.99997
1.00000, 1.00000
0.00000, 0.00000
0.00000, 0.00001
0.00000, 0.00000
1.00000, 1.00000
0.00000, 0.00115
0.00000, 0.00000
0.00000, 0.99278
0.02418, 0.99999
0.00000, 0.00001
0.00000, 0.00605
0.00000, 0.00000
0.00000, 0.00000
0.00000, 0.43754
0.00000, 0.00000
0.00125, 0.99999
0.00000, 0.00000
0.01156, 0.99993
0.00000, 0.00000
0.00000, 0.00000
0.00000, 0.00000
0.00000, 0.00000
0.00000, 0.00059
0.00000, 0.16565
0.00000, 0.00000
0.00000, 0.00000
0.00000, 0.91638
0.00000, 0.00004
0.15972, 1.00000
1.00000, 1.00000
0.99999, 1.00000
0.00000, 0.54692
1.00000, 1.00000
0.00000, 0.00000
0.00000, 0.00000
1.00000, 1.00000
1.00000, 1.00000
0.00000, 0.00000
0.40194, 1.00000
0.80194, 1.00000
0.00000, 0.00000
0.00258, 0.99996
0.00000, 0.00000
0.80842, 1.00000
0.00000, 0.00000
0.00093, 0.99793
0.00000, 0.00000
0.00000, 0.00000
--------------------3 layer -------------------
-16.66637, -5.35503
-12.36100, 1.34385
-10.38203, 4.53646
-7.54807, 3.68358
-12.54775, 0.23545
-14.63544, -1.45436
-16.57129, -4.57144
-11.65748, -1.12577
-10.72533, 2.48469
-4.26596, 14.31118
-17.74534, -4.60967
-12.82795, 3.40356
-12.68812, -0.24823
-19.62438, -4.75643
-14.45192, -2.49865
-9.35070, 2.50979
-7.98994, 7.42238
-10.19864, 0.52069
-8.17419, 3.39880
-17.15111, -4.39782
-11.08880, 4.13967
-10.57522, 4.15047
-16.94429, -4.95600
-5.11002, 7.35561
1.02733, 17.50087
-4.39673, 9.61160
-2.74503, 11.93401
-8.78652, 6.12392
-9.92857, 0.16269
-11.95528, -0.49372
-1.54308, 12.11141
-15.64306, 2.25417
-1.09841, 15.79280
-15.99508, 1.40835
-13.04262, -0.31685
-13.55002, -1.87349
-14.48872, -3.00437
-10.74640, 4.14535
-7.00582, 7.12327
-13.02174, -0.80196
-15.19440, -4.41699
-7.16164, 4.26350
-21.94820, -4.56206
-4.23255, 10.92602
-8.04961, 6.20108
-10.85293, 2.05889
-2.14644, 14.96271
-3.45123, 11.21824
-17.92789, -4.68210
-16.88477, -4.79351
-21.52988, -1.08213
-12.79736, 1.08080
-2.91522, 10.35080
-19.46729, -0.07210
-9.37903, 7.24209
-12.28174, -0.41444
-8.78089, 2.92681
-5.35703, 5.84427
-13.56715, -2.32443
-11.50824, 2.62878
-14.80488, -1.57449
-10.16169, 1.57310
-10.52720, 3.76198
-7.99526, 4.71260
-8.47458, 7.36241
-8.79358, 8.29557
-11.07484, 0.84503
-16.54977, -3.90173
-8.41248, 3.69939
-9.16979, 5.11460
-8.64181, 6.42926
-13.85764, 3.24534
-16.65430, -2.50143
-4.72231, 7.54227
-12.04042, -0.73950
-11.16442, 2.65162
-7.74225, 5.81686
-19.61930, -5.20208
-10.36218, 6.01780
-14.45492, -0.56678
-12.78569, -2.43957
-15.54697, -4.41518
-14.09070, 0.47431
-16.18434, -1.62688
-11.28061, 2.72111
-2.53155, 10.66227
-0.38410, 14.73193
-10.07751, 1.87060
-17.82698, -3.19103
-13.10200, -0.34310
-10.39441, 2.32873
-16.34523, 0.15713
-11.74646, -0.96669
-15.86840, 2.85025
-3.22697, 12.24097
-10.74262, 0.93679
-8.68780, 3.19116
-19.76047, -6.81152
-5.57335, 9.90204
-11.65100, 2.03441
-10.15760, 1.45702
-6.98306, 5.52435
-9.87426, 1.58462
-1.11024, 16.24278
-17.70776, -3.57602
-5.80354, 4.22248
-5.37913, 8.05809
-7.86538, 6.42205
-16.59468, -5.47741
-11.47033, 0.54280
-17.98932, -6.36685
-11.39739, 2.67372
-10.93445, 2.84088
-14.20498, -5.28137
-10.98342, 0.82040
-15.93704, 2.16788
-18.22821, -6.07279
-8.22521, 0.65032
-13.57423, 2.49605
-18.86342, -5.50831
-17.04911, -4.52018
-11.08341, 5.13699
-8.98445, 4.89188
-8.66044, 6.67749
-17.02413, 3.52964
-12.10557, -0.88571
-1.49196, 14.51809
-11.80933, -0.33423
-2.00400, 14.85831
-13.20114, 2.83456
-15.53185, -1.88357
-7.09575, 4.57922
-7.78599, 4.53799
-6.63041, 4.68928
-12.13917, 1.63591
-11.66870, 1.09456
-3.65163, 13.07428
-9.70069, 3.98711
-14.84608, 1.88576
-5.76120, 8.06415
-9.97358, 2.03973
-10.06528, 3.79152
-9.12520, 5.44497
-12.98171, 1.47695
-5.62826, 6.56900
-17.36288, -5.32582
-9.84612, 0.20200
-14.98999, -0.46504
-6.07168, 10.68237
-14.31520, -0.83818
-12.58501, 0.57451
-13.05760, -2.64489
-13.30796, 0.89669
-20.16819, -4.91860
-11.51797, -0.75909
-19.24053, -3.27179
-14.12969, -0.32400
-1.14997, 18.20621
-5.73034, 7.96055
-10.64623, 3.40706
-9.95317, 2.68056
-18.43044, -5.39471
-7.87714, 2.41641
-10.95724, 3.30770
-6.78084, 8.82478
-12.05508, 2.22331
-17.16388, -2.72605
-15.48688, 0.65283
-18.00681, -5.53461
-6.57127, 6.26625
-17.50904, 1.81170
-4.85833, 10.03578
-15.40229, -2.90029
-5.22855, 10.12259
-6.34836, 8.78188
-11.77920, -0.40750
-9.68975, 3.57798
-6.40400, 8.18717
-8.91841, 2.57130
-10.74687, 2.72797
-14.24372, 3.38659
-11.58196, -0.41541
-7.48848, 5.29474
-16.60364, -3.19085
-12.11465, -2.24531
-12.99240, -0.39838
-9.05830, 4.72766
-5.37069, 10.28575
-16.88889, -2.89235
-12.61146, 4.69762
-11.24601, 2.39827
-14.09473, -0.35473
-11.05250, 3.36592
-9.11870, 2.31600
-15.86770, -4.42322
-8.06996, 4.72188
-12.69587, -0.20933
-15.75926, 0.15083
-5.43826, 7.70236
-20.11952, 0.71254
--------------------4 layer -------------------
0.00000, 0.00470
0.00000, 0.79312
0.00003, 0.98940
0.00053, 0.97548
0.00000, 0.55859
0.00000, 0.18933
0.00000, 0.01024
0.00001, 0.24494
0.00002, 0.92306
0.01384, 1.00000
0.00000, 0.00986
0.00000, 0.96782
0.00000, 0.43826
0.00000, 0.00852
0.00000, 0.07595
0.00009, 0.92483
0.00034, 0.99940
0.00004, 0.62731
0.00028, 0.96767
0.00000, 0.01215
0.00002, 0.98432
0.00003, 0.98449
0.00000, 0.00699
0.00600, 0.99936
0.73640, 1.00000
0.01217, 0.99993
0.06037, 0.99999
0.00015, 0.99781
0.00005, 0.54058
0.00001, 0.37902
0.17609, 0.99999
0.00000, 0.90501
0.25004, 1.00000
0.00000, 0.80351
0.00000, 0.42144
0.00000, 0.13314
0.00000, 0.04723
0.00002, 0.98441
0.00091, 0.99919
0.00000, 0.30961
0.00000, 0.01193
0.00078, 0.98612
0.00000, 0.01033
0.01431, 0.99998
0.00032, 0.99798
0.00002, 0.88684
0.10466, 1.00000
0.03073, 0.99999
0.00000, 0.00917
0.00000, 0.00822
0.00000, 0.25310
0.00000, 0.74665
0.05141, 0.99997
0.00000, 0.48198
0.00008, 0.99928
0.00000, 0.39785
0.00015, 0.94916
0.00469, 0.99711
0.00000, 0.08912
0.00001, 0.93269
0.00000, 0.17158
0.00004, 0.82823
0.00003, 0.97729
0.00034, 0.99110
0.00021, 0.99937
0.00015, 0.99975
0.00002, 0.69952
0.00000, 0.01981
0.00022, 0.97586
0.00010, 0.99403
0.00018, 0.99839
0.00000, 0.96251
0.00000, 0.07576
0.00882, 0.99947
0.00001, 0.32311
0.00001, 0.93411
0.00043, 0.99703
0.00000, 0.00547
0.00003, 0.99757
0.00000, 0.36198
0.00000, 0.08020
0.00000, 0.01195
0.00000, 0.61640
0.00000, 0.16426
0.00001, 0.93826
0.07368, 0.99998
0.40514, 1.00000
0.00004, 0.86653
0.00000, 0.03950
0.00000, 0.41506
0.00003, 0.91123
0.00000, 0.53920
0.00001, 0.27554
0.00000, 0.94533
0.03816, 1.00000
0.00002, 0.71845
0.00017, 0.96050
0.00000, 0.00110
0.00378, 0.99995
0.00001, 0.88436
0.00004, 0.81108
0.00093, 0.99603
0.00005, 0.82986
0.24783, 1.00000
0.00000, 0.02722
0.00301, 0.98555
0.00459, 0.99968
0.00038, 0.99838
0.00000, 0.00416
0.00001, 0.63246
0.00000, 0.00171
0.00001, 0.93546
0.00002, 0.94485
0.00000, 0.00506
0.00002, 0.69432
0.00000, 0.89733
0.00000, 0.00230
0.00027, 0.65708
0.00000, 0.92386
0.00000, 0.00404
0.00000, 0.01077
0.00002, 0.99416
0.00013, 0.99255
0.00017, 0.99874
0.00000, 0.97152
0.00001, 0.29200
0.18363, 1.00000
0.00001, 0.41721
0.11878, 1.00000
0.00000, 0.94452
0.00000, 0.13198
0.00083, 0.98984
0.00042, 0.98942
0.00132, 0.99089
0.00001, 0.83698
0.00001, 0.74924
0.02529, 1.00000
0.00006, 0.98178
0.00000, 0.86827
0.00314, 0.99969
0.00005, 0.88491
0.00004, 0.97794
0.00011, 0.99570
0.00000, 0.81411
0.00358, 0.99860
0.00000, 0.00484
0.00005, 0.55033
0.00000, 0.38579
0.00230, 0.99998
0.00000, 0.30192
0.00000, 0.63980
0.00000, 0.06630
0.00000, 0.71027
0.00000, 0.00726
0.00001, 0.31884
0.00000, 0.03655
0.00000, 0.41970
0.24049, 1.00000
0.00324, 0.99965
0.00002, 0.96792
0.00005, 0.93587
0.00000, 0.00452
0.00038, 0.91807
0.00002, 0.96469
0.00113, 0.99985
0.00001, 0.90232
0.00000, 0.06145
0.00000, 0.65765
0.00000, 0.00393
0.00140, 0.99810
0.00000, 0.85957
0.00770, 0.99996
0.00000, 0.05214
0.00533, 0.99996
0.00175, 0.99985
0.00001, 0.39951
0.00006, 0.97283
0.00165, 0.99972
0.00013, 0.92899
0.00002, 0.93866
0.00000, 0.96728
0.00001, 0.39761
0.00056, 0.99501
0.00000, 0.03951
0.00001, 0.09575
0.00000, 0.40170
0.00012, 0.99123
0.00463, 0.99997
0.00000, 0.05253
0.00000, 0.99097
0.00001, 0.91670
0.00000, 0.41224
0.00002, 0.96662
0.00011, 0.91019
0.00000, 0.01185
0.00031, 0.99118
0.00000, 0.44786
0.00000, 0.53764
0.00433, 0.99955
0.00000, 0.67096
--------------------5 layer -------------------
-24.92254, 6.95696
-7.14362, 30.65295
-29.29237, 12.15607
-36.90511, 9.38992
-27.56192, 12.36384
-38.05981, 12.38120
-29.68468, 20.04898
-13.22922, 20.09630
-9.78845, 25.74406
-22.88547, 15.47316
-26.95439, 13.84241
-30.97504, 12.51745
-18.34407, 18.30749
-18.21420, 11.42981
-13.92109, 26.23198
-34.69266, 10.00122
-30.58344, 10.87803
-29.84746, 10.83908
-23.84071, 12.78131
-14.03514, 30.95589
-33.11945, 8.39612
-21.97696, 16.81447
-38.20047, 15.10612
-21.72376, 18.99444
-30.48590, 11.34816
-26.38585, 13.84397
-33.49075, 8.51498
-24.07633, 6.87419
-21.45445, 10.53766
-28.86195, 12.44455
-18.46529, 25.48906
-30.46908, 12.15492
-33.70625, 13.39292
-22.80681, 10.13351
-25.10794, 16.72713
-23.49604, 16.62668
-22.53459, 10.55599
-28.02774, 4.97494
-33.23849, 9.98559
-46.69024, 11.45191
-30.58531, 7.41509
-27.87108, 8.04407
-25.80509, 12.82267
-21.53661, 23.53319
-18.79215, 25.32355
-31.69877, 8.19283
-26.47804, 13.60013
-27.73962, 8.40250
-41.07447, 14.77552
-34.68151, 11.33529
-14.63248, 24.30899
-29.88977, 11.39890
-27.20498, 9.27548
-17.14413, 21.30392
-24.61894, 4.08086
-29.07084, 10.03280
-17.61943, 28.19796
-10.43780, 30.88580
-31.62152, 6.19678
-29.35996, 13.28629
-28.98187, 11.10243
-17.18772, 28.07188
-14.29750, 25.00697
-25.12273, 12.45704
-38.73794, 14.68814
-29.86624, 15.60679
-17.06973, 27.98297
-22.62771, 27.69433
-37.30740, 16.02482
-29.73158, 18.96185
-45.62409, 4.97016
-29.58304, 3.90039
-11.12360, 29.35161
-32.65510, 13.81763
-32.76429, 11.29327
-24.57034, 6.45491
-23.56726, 14.20679
-33.05006, 9.17553
-15.98407, 36.27788
-28.33599, 4.73245
-15.22713, 31.37967
-18.58245, 22.39904
-30.46716, 10.61601
-14.52541, 32.06913
-35.28777, 10.59508
-12.99957, 19.11473
-35.45357, 13.42572
-11.85270, 36.12388
-39.86554, 3.03626
-30.65709, 11.06613
-28.11384, 7.88045
-26.80587, 12.09661
-29.08206, 17.40525
-23.54367, 14.54330
-17.11933, 14.84720
-24.77988, 12.94171
-26.75032, 16.30010
-49.13764, 4.43216
-25.18324, 11.21948
-12.04022, 28.63563
-27.75862, 10.24627
-26.95315, 8.71379
-32.98198, 12.05557
-34.13017, 11.95442
-15.06613, 18.24038
-21.96126, 11.64869
-27.28574, 13.01384
-36.41064, 11.80151
-42.63482, 6.34715
-11.83661, 22.04507
-34.26595, 10.97374
-28.73361, 16.89668
-11.68060, 30.67020
-30.41573, 10.47705
-38.51930, 11.87978
-28.90437, 11.95925
-26.60943, 7.77203
-27.30865, 6.84034
-14.58611, 16.84515
-20.45519, 16.66128
-26.49941, 14.02489
-43.16102, 4.79858
-24.29413, 11.27031
-36.63611, 12.68305
-35.27890, 11.63098
-34.62172, 12.55563
-24.43583, 17.87682
-29.98257, 10.95616
-50.14400, 3.44256
-19.37150, 20.86903
-33.00549, 7.32977
-35.95288, 12.61584
-15.19233, 26.48850
-36.06113, 13.00715
-31.94354, 10.09075
-25.63537, 18.78752
-24.63011, 14.92657
-37.06289, 13.31436
-35.14833, 6.07748
-31.28366, 15.31743
-43.32586, 14.35990
-12.11710, 29.24795
-9.64802, 33.09074
-15.48679, 21.24459
-34.72247, 8.57655
-29.92943, 6.49287
-33.01323, 12.98430
-17.81769, 22.33382
-35.82176, 12.46930
-23.13715, 13.52937
-25.68924, 10.19029
-39.08541, 11.35747
-8.21534, 29.62675
-24.21236, 12.82522
-16.10457, 24.45401
-28.42786, 4.31770
-23.90450, 20.15728
-28.13893, 14.47762
-34.25820, 12.02336
-25.66405, 12.82824
-22.14192, 18.04672
-20.77667, 18.92251
-30.63505, 6.24712
-26.65461, 6.19285
-24.84579, 10.80729
-27.75782, 12.41986
-36.00061, 10.23457
-34.04502, 10.17139
-19.79781, 11.28629
-23.82243, 12.00986
-28.44563, 11.83909
-37.73740, 12.33635
-23.56254, 14.95698
-36.00992, 17.41389
-35.61521, 11.37446
-25.53146, 14.20466
-31.91828, 10.33405
-23.21508, 4.67559
-27.21856, 11.63743
-36.38573, 11.11053
-31.58851, 11.73399
-34.77538, 16.55371
-31.00407, 10.96268
-13.71954, 30.25118
-29.77537, 20.03316
-27.62708, 11.83480
-13.01506, 21.90841
-32.26879, 7.19006
-30.75063, 9.96848
-13.38827, 26.58049
-22.14292, 12.03477
-29.32961, 9.47647
-27.62149, 14.29293
-33.07912, 10.03963
-19.21363, 27.43857
-28.16916, 16.20133
-25.88594, 24.13533
-22.24361, 24.88091
-19.59679, 20.48273
-34.65696, 11.68745
--------------------6 layer -------------------
0.00000, 0.99905
0.00079, 1.00000
0.00000, 0.99999
0.00000, 0.99992
0.00000, 1.00000
0.00000, 1.00000
0.00000, 1.00000
0.00000, 1.00000
0.00006, 1.00000
0.00000, 1.00000
0.00000, 1.00000
0.00000, 1.00000
0.00000, 1.00000
0.00000, 0.99999
0.00000, 1.00000
0.00000, 0.99995
0.00000, 0.99998
0.00000, 0.99998
0.00000, 1.00000
0.00000, 1.00000
0.00000, 0.99977
0.00000, 1.00000
0.00000, 1.00000
0.00000, 1.00000
0.00000, 0.99999
0.00000, 1.00000
0.00000, 0.99980
0.00000, 0.99897
0.00000, 0.99997
0.00000, 1.00000
0.00000, 1.00000
0.00000, 0.99999
0.00000, 1.00000
0.00000, 0.99996
0.00000, 1.00000
0.00000, 1.00000
0.00000, 0.99997
0.00000, 0.99314
0.00000, 0.99995
0.00000, 0.99999
0.00000, 0.99940
0.00000, 0.99968
0.00000, 1.00000
0.00000, 1.00000
0.00000, 1.00000
0.00000, 0.99972
0.00000, 1.00000
0.00000, 0.99978
0.00000, 1.00000
0.00000, 0.99999
0.00000, 1.00000
0.00000, 0.99999
0.00000, 0.99991
0.00000, 1.00000
0.00000, 0.98339
0.00000, 0.99996
0.00000, 1.00000
0.00003, 1.00000
0.00000, 0.99797
0.00000, 1.00000
0.00000, 0.99998
0.00000, 1.00000
0.00000, 1.00000
0.00000, 1.00000
0.00000, 1.00000
0.00000, 1.00000
0.00000, 1.00000
0.00000, 1.00000
0.00000, 1.00000
0.00000, 1.00000
0.00000, 0.99311
0.00000, 0.98017
0.00001, 1.00000
0.00000, 1.00000
0.00000, 0.99999
0.00000, 0.99843
0.00000, 1.00000
0.00000, 0.99990
0.00000, 1.00000
0.00000, 0.99127
0.00000, 1.00000
0.00000, 1.00000
0.00000, 0.99998
0.00000, 1.00000
0.00000, 0.99997
0.00000, 1.00000
0.00000, 1.00000
0.00001, 1.00000
0.00000, 0.95419
0.00000, 0.99998
0.00000, 0.99962
0.00000, 0.99999
0.00000, 1.00000
0.00000, 1.00000
0.00000, 1.00000
0.00000, 1.00000
0.00000, 1.00000
0.00000, 0.98825
0.00000, 0.99999
0.00001, 1.00000
0.00000, 0.99996
0.00000, 0.99984
0.00000, 0.99999
0.00000, 0.99999
0.00000, 1.00000
0.00000, 0.99999
0.00000, 1.00000
0.00000, 0.99999
0.00000, 0.99825
0.00001, 1.00000
0.00000, 0.99998
0.00000, 1.00000
0.00001, 1.00000
0.00000, 0.99997
0.00000, 0.99999
0.00000, 0.99999
0.00000, 0.99958
0.00000, 0.99893
0.00000, 1.00000
0.00000, 1.00000
0.00000, 1.00000
0.00000, 0.99183
0.00000, 0.99999
0.00000, 1.00000
0.00000, 0.99999
0.00000, 1.00000
0.00000, 1.00000
0.00000, 0.99998
0.00000, 0.96901
0.00000, 1.00000
0.00000, 0.99934
0.00000, 1.00000
0.00000, 1.00000
0.00000, 1.00000
0.00000, 0.99996
0.00000, 1.00000
0.00000, 1.00000
0.00000, 1.00000
0.00000, 0.99771
0.00000, 1.00000
0.00000, 1.00000
0.00001, 1.00000
0.00006, 1.00000
0.00000, 1.00000
0.00000, 0.99981
0.00000, 0.99849
0.00000, 1.00000
0.00000, 1.00000
0.00000, 1.00000
0.00000, 1.00000
0.00000, 0.99996
0.00000, 0.99999
0.00027, 1.00000
0.00000, 1.00000
0.00000, 1.00000
0.00000, 0.98684
0.00000, 1.00000
0.00000, 1.00000
0.00000, 0.99999
0.00000, 1.00000
0.00000, 1.00000
0.00000, 1.00000
0.00000, 0.99807
0.00000, 0.99796
0.00000, 0.99998
0.00000, 1.00000
0.00000, 0.99996
0.00000, 0.99996
0.00000, 0.99999
0.00000, 0.99999
0.00000, 0.99999
0.00000, 1.00000
0.00000, 1.00000
0.00000, 1.00000
0.00000, 0.99999
0.00000, 1.00000
0.00000, 0.99997
0.00000, 0.99077
0.00000, 0.99999
0.00000, 0.99999
0.00000, 0.99999
0.00000, 1.00000
0.00000, 0.99998
0.00000, 1.00000
0.00000, 1.00000
0.00000, 0.99999
0.00000, 1.00000
0.00000, 0.99925
0.00000, 0.99995
0.00000, 1.00000
0.00000, 0.99999
0.00000, 0.99992
0.00000, 1.00000
0.00000, 0.99996
0.00000, 1.00000
0.00000, 1.00000
0.00000, 1.00000
0.00000, 1.00000
0.00000, 1.00000
0.00000, 0.99999
--------------------7 layer -------------------
-60.72323, 33.57090
-39.30095, 50.06479
-36.12110, 47.39740
-62.73686, 28.62173
-38.20681, 51.28958
-57.34200, 32.13499
-62.11149, 35.05944
-35.53239, 80.15712
-38.76624, 43.11024
-60.08413, 57.42878
-67.57281, 30.53743
-61.61339, 32.76676
-49.87245, 49.98133
-50.67561, 40.91618
-61.25372, 41.50985
-62.37485, 42.80111
-67.89359, 31.60747
-51.93031, 59.65805
-41.33912, 37.59356
-46.22134, 27.23172
-56.38794, 36.42244
-58.14957, 29.46780
-44.03813, 45.52386
-47.42210, 61.32851
-47.50751, 37.89761
-60.51929, 39.76213
-67.38255, 30.65892
-61.43026, 33.96126
-46.34739, 38.56691
-42.08368, 48.44540
-53.35279, 49.75538
-54.82257, 31.57095
-47.28939, 50.50831
-35.56499, 55.26165
-63.07000, 25.10447
-57.98968, 35.20325
-57.10175, 32.67777
-66.27502, 42.77848
-64.16904, 36.81420
-60.84132, 44.82176
-62.62135, 34.59695
-58.83171, 30.87843
-42.12619, 49.28419
-53.13536, 42.74797
-38.06976, 44.25295
-48.08476, 56.17540
-40.73140, 57.96413
-39.69159, 70.99352
-33.15232, 49.08237
-58.42354, 25.70504
-50.87395, 45.64910
-43.81427, 37.72619
-63.07807, 37.01432
-41.38514, 39.65680
-56.56304, 43.14925
-61.24981, 44.51591
-55.30341, 28.36916
-54.43468, 43.07197
-63.75106, 42.24614
-62.05920, 32.74810
-53.99201, 38.85726
-40.20081, 44.41253
-45.27726, 79.77467
-43.95166, 41.31721
-67.64452, 29.83475
-73.86763, 33.65560
-56.02682, 46.08360
-59.39821, 38.75346
-56.88093, 37.86262
-42.84717, 52.43263
-38.44441, 66.73283
-39.94688, 43.42365
-62.91977, 42.46503
-56.54872, 63.01270
-58.70066, 39.91665
-34.40782, 49.59301
-58.53358, 33.08086
-84.14148, 31.48081
-55.15749, 34.31320
-59.72422, 32.45926
-55.77911, 58.25774
-46.78642, 41.88385
-43.58029, 66.42773
-41.73098, 61.54042
-74.38525, 40.01312
-43.65476, 76.53732
-55.85774, 28.85569
-51.60783, 41.49326
-49.46775, 69.23020
-63.48740, 36.20911
-45.21621, 68.78731
-36.66847, 55.78672
-58.26268, 39.40199
-65.93049, 36.07678
-50.92479, 40.67463
-70.27824, 39.29663
-59.21375, 42.68651
-58.50558, 40.50863
-49.24699, 49.91602
-51.16317, 32.63489
-59.58150, 28.99165
-30.89482, 73.73952
-59.74297, 32.61954
-55.79017, 33.06097
-49.12271, 41.20495
-50.10978, 52.03708
-48.50419, 58.22862
-73.41195, 57.34639
-51.57381, 45.58379
-52.86135, 54.75400
-60.77020, 26.74822
-32.09848, 63.23844
-48.45922, 40.35314
-65.91352, 33.79340
-73.58812, 34.99509
-61.65280, 29.40672
-42.62313, 76.55554
-66.75849, 31.24169
-47.23660, 56.69601
-68.07617, 90.50816
-56.23016, 27.68587
-56.91745, 32.88143
-29.37901, 67.10280
-54.68568, 40.58096
-51.37736, 28.91219
-54.86638, 54.95929
-61.12851, 29.83486
-59.87317, 37.94088
-58.89612, 38.44919
-42.43388, 43.55826
-59.87856, 38.16893
-39.62152, 55.68171
-64.92188, 33.44394
-62.94512, 28.39086
-51.39053, 33.44147
-56.08234, 38.89069
-73.79668, 42.58125
-68.62696, 33.84802
-57.87286, 33.99170
-27.07030, 68.82913
-32.19664, 51.82235
-31.46112, 54.69986
-45.63447, 46.06073
-46.28195, 56.23472
-57.36947, 40.95443
-51.87641, 44.42007
-63.46675, 33.48752
-53.90081, 49.57409
-68.08153, 30.55565
-62.22503, 37.93486
-53.72575, 37.11135
-56.71851, 48.64578
-30.75675, 61.78325
-70.73317, 34.39215
-58.80009, 34.74266
-45.88993, 46.23122
-49.86523, 47.18187
-38.57556, 56.64272
-51.96132, 49.46009
-33.12617, 82.79741
-48.82911, 41.73880
-40.68298, 61.88424
-51.07797, 40.67092
-63.24990, 30.76649
-64.25491, 48.64424
-70.20931, 45.16076
-40.37275, 48.96368
-56.40923, 49.24833
-47.86769, 49.84753
-34.19633, 60.06124
-66.35845, 44.16895
-57.82481, 40.76491
-57.42255, 33.18774
-65.45398, 36.84334
-57.15355, 37.87971
-56.10046, 37.74553
-50.43555, 32.90375
-69.12244, 37.84209
-58.38422, 47.20612
-48.90036, 54.93275
-70.48284, 45.71121
-38.59225, 56.19808
-66.87157, 40.14068
-37.37452, 62.95754
-71.16555, 37.97724
-37.88086, 58.86386
-45.46210, 86.23213
-41.94580, 58.97367
-51.75127, 44.28236
-55.92112, 39.37298
-70.54665, 34.24894
-55.39323, 33.02505
-48.44958, 46.20414
-66.31160, 30.70457
-54.71793, 58.54377
-73.59672, 38.20547
-57.20422, 36.68172
-64.59029, 38.84327
-41.82449, 38.85992
-58.92926, 38.21345
--------------------8 layer -------------------
0.00000, 1.00000
0.00000, 1.00000
0.00000, 1.00000
0.00000, 1.00000
0.00000, 1.00000
0.00000, 1.00000
0.00000, 1.00000
0.00000, 1.00000
0.00000, 1.00000
0.00000, 1.00000
0.00000, 1.00000
0.00000, 1.00000
0.00000, 1.00000
0.00000, 1.00000
0.00000, 1.00000
0.00000, 1.00000
0.00000, 1.00000
0.00000, 1.00000
0.00000, 1.00000
0.00000, 1.00000
0.00000, 1.00000
0.00000, 1.00000
0.00000, 1.00000
0.00000, 1.00000
0.00000, 1.00000
0.00000, 1.00000
0.00000, 1.00000
0.00000, 1.00000
0.00000, 1.00000
0.00000, 1.00000
0.00000, 1.00000
0.00000, 1.00000
0.00000, 1.00000
0.00000, 1.00000
0.00000, 1.00000
0.00000, 1.00000
0.00000, 1.00000
0.00000, 1.00000
0.00000, 1.00000
0.00000, 1.00000
0.00000, 1.00000
0.00000, 1.00000
0.00000, 1.00000
0.00000, 1.00000
0.00000, 1.00000
0.00000, 1.00000
0.00000, 1.00000
0.00000, 1.00000
0.00000, 1.00000
0.00000, 1.00000
0.00000, 1.00000
0.00000, 1.00000
0.00000, 1.00000
0.00000, 1.00000
0.00000, 1.00000
0.00000, 1.00000
0.00000, 1.00000
0.00000, 1.00000
0.00000, 1.00000
0.00000, 1.00000
0.00000, 1.00000
0.00000, 1.00000
0.00000, 1.00000
0.00000, 1.00000
0.00000, 1.00000
0.00000, 1.00000
0.00000, 1.00000
0.00000, 1.00000
0.00000, 1.00000
0.00000, 1.00000
0.00000, 1.00000
0.00000, 1.00000
0.00000, 1.00000
0.00000, 1.00000
0.00000, 1.00000
0.00000, 1.00000
0.00000, 1.00000
0.00000, 1.00000
0.00000, 1.00000
0.00000, 1.00000
0.00000, 1.00000
0.00000, 1.00000
0.00000, 1.00000
0.00000, 1.00000
0.00000, 1.00000
0.00000, 1.00000
0.00000, 1.00000
0.00000, 1.00000
0.00000, 1.00000
0.00000, 1.00000
0.00000, 1.00000
0.00000, 1.00000
0.00000, 1.00000
0.00000, 1.00000
0.00000, 1.00000
0.00000, 1.00000
0.00000, 1.00000
0.00000, 1.00000
0.00000, 1.00000
0.00000, 1.00000
0.00000, 1.00000
0.00000, 1.00000
0.00000, 1.00000
0.00000, 1.00000
0.00000, 1.00000
0.00000, 1.00000
0.00000, 1.00000
0.00000, 1.00000
0.00000, 1.00000
0.00000, 1.00000
0.00000, 1.00000
0.00000, 1.00000
0.00000, 1.00000
0.00000, 1.00000
0.00000, 1.00000
0.00000, 1.00000
0.00000, 1.00000
0.00000, 1.00000
0.00000, 1.00000
0.00000, 1.00000
0.00000, 1.00000
0.00000, 1.00000
0.00000, 1.00000
0.00000, 1.00000
0.00000, 1.00000
0.00000, 1.00000
0.00000, 1.00000
0.00000, 1.00000
0.00000, 1.00000
0.00000, 1.00000
0.00000, 1.00000
0.00000, 1.00000
0.00000, 1.00000
0.00000, 1.00000
0.00000, 1.00000
0.00000, 1.00000
0.00000, 1.00000
0.00000, 1.00000
0.00000, 1.00000
0.00000, 1.00000
0.00000, 1.00000
0.00000, 1.00000
0.00000, 1.00000
0.00000, 1.00000
0.00000, 1.00000
0.00000, 1.00000
0.00000, 1.00000
0.00000, 1.00000
0.00000, 1.00000
0.00000, 1.00000
0.00000, 1.00000
0.00000, 1.00000
0.00000, 1.00000
0.00000, 1.00000
0.00000, 1.00000
0.00000, 1.00000
0.00000, 1.00000
0.00000, 1.00000
0.00000, 1.00000
0.00000, 1.00000
0.00000, 1.00000
0.00000, 1.00000
0.00000, 1.00000
0.00000, 1.00000
0.00000, 1.00000
0.00000, 1.00000
0.00000, 1.00000
0.00000, 1.00000
0.00000, 1.00000
0.00000, 1.00000
0.00000, 1.00000
0.00000, 1.00000
0.00000, 1.00000
0.00000, 1.00000
0.00000, 1.00000
0.00000, 1.00000
0.00000, 1.00000
0.00000, 1.00000
0.00000, 1.00000
0.00000, 1.00000
0.00000, 1.00000
0.00000, 1.00000
0.00000, 1.00000
0.00000, 1.00000
0.00000, 1.00000
0.00000, 1.00000
0.00000, 1.00000
0.00000, 1.00000
0.00000, 1.00000
0.00000, 1.00000
0.00000, 1.00000
0.00000, 1.00000
0.00000, 1.00000
0.00000, 1.00000
0.00000, 1.00000
0.00000, 1.00000
0.00000, 1.00000
0.00000, 1.00000
0.00000, 1.00000
0.00000, 1.00000
--------------------9 layer -------------------
-55.39205, 35.68415
-50.72721, 34.82018
-70.69340, 53.72160
-44.74356, 41.89169
-57.46284, 58.08119
-39.42326, 70.36622
-66.27550, 35.05566
-55.05211, 28.43056
-46.91140, 35.15601
-70.03992, 44.40600
-66.24261, 42.21125
-70.95358, 38.89056
-56.03170, 40.15739
-52.43013, 39.44814
-74.84753, 50.13364
-51.10932, 47.97499
-50.94151, 32.82405
-74.15833, 45.11788
-59.05510, 43.04742
-45.89367, 34.32085
-54.98701, 50.01748
-50.88721, 31.65402
-57.96949, 49.75496
-70.25028, 31.29559
-58.28811, 46.12634
-35.69650, 41.81667
-57.35118, 47.15828
-52.98643, 68.44508
-50.37603, 55.48466
-36.27978, 52.81409
-54.13066, 58.39440
-50.66558, 27.16306
-48.64295, 36.01204
-39.27104, 44.71740
-65.81480, 41.59035
-61.77852, 50.69258
-53.40903, 22.29715
-56.30589, 50.37100
-52.53344, 43.91113
-44.03725, 37.28251
-71.45552, 47.49961
-51.37861, 27.93830
-66.03441, 33.60121
-61.02346, 67.68152
-54.27463, 46.92807
-60.10890, 22.11637
-49.86055, 38.04091
-47.28146, 37.04427
-38.66272, 65.08120
-62.82727, 66.02300
-57.45301, 37.31636
-67.44720, 51.12893
-28.03498, 65.12494
-59.03232, 54.29015
-80.94623, 46.98613
-45.36790, 38.60150
-59.55806, 52.05246
-56.32758, 33.87992
-32.62857, 48.56551
-98.86998, 62.10203
-36.78507, 69.34669
-48.05891, 29.70222
-66.06621, 30.55774
-41.47649, 52.72153
-54.45140, 49.16957
-47.12369, 23.88080
-51.43334, 32.61360
-88.59207, 44.47593
-36.07063, 49.48130
-43.62303, 32.91516
-53.41177, 27.81112
-42.64007, 37.06959
-53.71596, 31.62179
-44.33951, 64.13115
-49.94114, 38.78819
-57.31771, 27.17387
-63.25388, 48.18634
-66.53140, 57.89417
-78.68221, 33.72321
-61.26404, 45.10444
-53.40843, 42.89251
-76.27332, 35.02216
-70.98975, 34.56597
-66.35740, 36.98180
-63.44881, 36.33866
-68.22016, 56.45813
-69.69913, 46.83598
-52.45577, 57.20946
-74.55776, 46.32505
-47.97281, 49.23111
-80.46792, 44.34391
-71.00684, 29.53416
-51.12665, 41.77626
-51.96501, 37.10125
-44.44364, 48.65922
-60.02726, 17.88957
-52.89479, 36.90931
-40.40361, 27.34409
-69.14796, 57.82893
-57.82672, 27.69357
-57.55107, 39.98285
-46.32907, 30.90685
-74.62302, 51.36034
-36.89559, 48.23184
-49.43932, 39.01028
-76.30299, 50.99714
-75.70399, 44.96339
-62.44088, 43.30833
-52.66645, 38.91496
-64.66741, 67.67583
-28.81080, 65.16656
-42.82387, 25.71298
-41.88815, 54.96050
-24.12108, 57.52405
-30.81636, 49.11054
-59.77749, 46.86491
-58.81102, 27.89339
-57.24036, 43.98626
-46.59591, 27.79656
-38.77295, 43.04147
-64.11434, 35.92613
-63.96592, 46.72343
-53.38215, 42.11282
-73.76893, 43.58337
-45.81070, 26.06777
-67.77318, 43.50542
-48.97037, 38.13644
-58.23149, 32.77057
-43.27248, 39.46525
-47.37510, 36.80085
-68.84633, 51.48246
-72.72155, 41.28624
-74.09135, 35.76714
-50.65502, 18.09459
-53.27629, 49.29621
-45.60334, 27.44194
-62.15695, 36.64249
-39.36178, 67.73591
-54.20334, 30.29787
-70.50687, 31.73623
-33.02134, 35.00634
-58.10247, 58.26306
-53.36228, 28.19992
-48.66058, 41.56561
-35.18999, 62.48896
-49.12577, 50.72423
-60.87975, 59.58375
-31.59456, 60.20116
-48.25112, 42.24337
-72.78564, 53.78524
-65.01703, 35.09445
-44.57783, 43.56919
-63.67287, 30.77160
-52.20702, 34.00601
-40.35290, 46.27603
-59.18303, 50.39965
-69.83575, 35.77022
-36.29188, 54.12463
-43.69762, 47.67167
-40.62379, 45.72101
-51.68053, 50.11172
-35.22044, 54.78804
-48.83284, 50.92237
-46.84420, 36.18473
-84.44946, 43.17312
-54.48763, 53.00029
-59.10516, 43.23413
-71.36372, 53.01421
-51.91023, 30.31310
-54.59680, 38.75796
-52.53716, 30.81916
-41.39111, 44.62176
-49.54470, 23.85358
-56.32625, 45.19834
-41.82214, 37.62950
-64.20187, 43.11179
-65.22959, 38.51639
-58.98723, 38.45461
-69.93996, 28.16106
-59.29091, 41.43095
-49.30232, 27.90792
-44.80051, 37.47160
-59.04731, 50.58047
-78.81596, 42.64140
-24.93543, 54.11505
-41.58821, 66.38718
-44.47374, 38.01925
-40.72494, 67.98756
-65.70509, 62.71925
-45.60882, 26.62130
-58.02827, 53.16012
-48.06666, 50.27423
-67.22332, 47.88577
-48.74668, 53.01883
-69.27406, 58.11538
-45.72557, 35.91647
-50.65584, 36.60343
-42.00751, 34.34670
-41.12048, 47.28007
-69.97572, 39.41230
--------------------10 layer -------------------
0.00000, 1.00000
0.00000, 1.00000
0.00000, 1.00000
0.00000, 1.00000
0.00000, 1.00000
0.00000, 1.00000
0.00000, 1.00000
0.00000, 1.00000
0.00000, 1.00000
0.00000, 1.00000
0.00000, 1.00000
0.00000, 1.00000
0.00000, 1.00000
0.00000, 1.00000
0.00000, 1.00000
0.00000, 1.00000
0.00000, 1.00000
0.00000, 1.00000
0.00000, 1.00000
0.00000, 1.00000
0.00000, 1.00000
0.00000, 1.00000
0.00000, 1.00000
0.00000, 1.00000
0.00000, 1.00000
0.00000, 1.00000
0.00000, 1.00000
0.00000, 1.00000
0.00000, 1.00000
0.00000, 1.00000
0.00000, 1.00000
0.00000, 1.00000
0.00000, 1.00000
0.00000, 1.00000
0.00000, 1.00000
0.00000, 1.00000
0.00000, 1.00000
0.00000, 1.00000
0.00000, 1.00000
0.00000, 1.00000
0.00000, 1.00000
0.00000, 1.00000
0.00000, 1.00000
0.00000, 1.00000
0.00000, 1.00000
0.00000, 1.00000
0.00000, 1.00000
0.00000, 1.00000
0.00000, 1.00000
0.00000, 1.00000
0.00000, 1.00000
0.00000, 1.00000
0.00000, 1.00000
0.00000, 1.00000
0.00000, 1.00000
0.00000, 1.00000
0.00000, 1.00000
0.00000, 1.00000
0.00000, 1.00000
0.00000, 1.00000
0.00000, 1.00000
0.00000, 1.00000
0.00000, 1.00000
0.00000, 1.00000
0.00000, 1.00000
0.00000, 1.00000
0.00000, 1.00000
0.00000, 1.00000
0.00000, 1.00000
0.00000, 1.00000
0.00000, 1.00000
0.00000, 1.00000
0.00000, 1.00000
0.00000, 1.00000
0.00000, 1.00000
0.00000, 1.00000
0.00000, 1.00000
0.00000, 1.00000
0.00000, 1.00000
0.00000, 1.00000
0.00000, 1.00000
0.00000, 1.00000
0.00000, 1.00000
0.00000, 1.00000
0.00000, 1.00000
0.00000, 1.00000
0.00000, 1.00000
0.00000, 1.00000
0.00000, 1.00000
0.00000, 1.00000
0.00000, 1.00000
0.00000, 1.00000
0.00000, 1.00000
0.00000, 1.00000
0.00000, 1.00000
0.00000, 1.00000
0.00000, 1.00000
0.00000, 1.00000
0.00000, 1.00000
0.00000, 1.00000
0.00000, 1.00000
0.00000, 1.00000
0.00000, 1.00000
0.00000, 1.00000
0.00000, 1.00000
0.00000, 1.00000
0.00000, 1.00000
0.00000, 1.00000
0.00000, 1.00000
0.00000, 1.00000
0.00000, 1.00000
0.00000, 1.00000
0.00000, 1.00000
0.00000, 1.00000
0.00000, 1.00000
0.00000, 1.00000
0.00000, 1.00000
0.00000, 1.00000
0.00000, 1.00000
0.00000, 1.00000
0.00000, 1.00000
0.00000, 1.00000
0.00000, 1.00000
0.00000, 1.00000
0.00000, 1.00000
0.00000, 1.00000
0.00000, 1.00000
0.00000, 1.00000
0.00000, 1.00000
0.00000, 1.00000
0.00000, 1.00000
0.00000, 1.00000
0.00000, 1.00000
0.00000, 1.00000
0.00000, 1.00000
0.00000, 1.00000
0.00000, 1.00000
0.00000, 1.00000
0.00000, 1.00000
0.00000, 1.00000
0.00000, 1.00000
0.00000, 1.00000
0.00000, 1.00000
0.00000, 1.00000
0.00000, 1.00000
0.00000, 1.00000
0.00000, 1.00000
0.00000, 1.00000
0.00000, 1.00000
0.00000, 1.00000
0.00000, 1.00000
0.00000, 1.00000
0.00000, 1.00000
0.00000, 1.00000
0.00000, 1.00000
0.00000, 1.00000
0.00000, 1.00000
0.00000, 1.00000
0.00000, 1.00000
0.00000, 1.00000
0.00000, 1.00000
0.00000, 1.00000
0.00000, 1.00000
0.00000, 1.00000
0.00000, 1.00000
0.00000, 1.00000
0.00000, 1.00000
0.00000, 1.00000
0.00000, 1.00000
0.00000, 1.00000
0.00000, 1.00000
0.00000, 1.00000
0.00000, 1.00000
0.00000, 1.00000
0.00000, 1.00000
0.00000, 1.00000
0.00000, 1.00000
0.00000, 1.00000
0.00000, 1.00000
0.00000, 1.00000
0.00000, 1.00000
0.00000, 1.00000
0.00000, 1.00000
0.00000, 1.00000
0.00000, 1.00000
0.00000, 1.00000
0.00000, 1.00000
0.00000, 1.00000
0.00000, 1.00000
0.00000, 1.00000
0.00000, 1.00000
0.00000, 1.00000
0.00000, 1.00000
0.00000, 1.00000
0.00000, 1.00000
0.00000, 1.00000
0.00000, 1.00000
0.00000, 1.00000
0.00000, 1.00000
0.00000, 1.00000
--------------------11 layer -------------------
-54.50160, 29.34335
-44.44801, 33.38255
-61.20451, 37.65105
-68.09221, 43.40797
-59.20104, 45.37531
-54.19452, 28.72427
-56.55480, 33.18642
-61.79309, 53.06066
-52.41346, 53.86997
-59.70236, 31.15139
-78.57629, 44.01080
-78.48183, 38.31898
-93.67729, 56.10875
-54.03856, 27.28813
-87.74772, 90.00572
-87.37491, 49.20518
-56.33108, 51.35346
-46.20362, 21.73957
-62.86700, 31.76962
-71.07224, 57.88638
-65.45504, 33.09933
-44.94136, 36.49731
-56.11560, 42.07607
-56.62733, 35.40540
-55.25208, 51.43610
-70.31229, 62.83036
-69.96291, 31.49078
-51.92772, 25.92804
-64.50611, 36.20643
-51.66758, 46.80841
-48.15356, 37.73498
-62.65088, 37.45675
-77.13535, 82.50613
-51.74607, 56.39022
-60.71429, 51.48940
-49.27022, 34.12622
-61.42134, 49.12616
-64.49646, 37.09018
-49.09760, 41.70498
-54.84247, 37.96379
-68.45042, 90.21603
-45.91714, 39.13922
-57.06729, 60.39858
-76.43061, 56.21313
-71.83529, 43.99306
-83.33099, 48.79170
-52.09410, 30.28754
-96.28946, 138.83191
-80.65138, 72.94203
-67.64481, 63.09769
-68.01099, 42.99226
-56.61746, 35.24773
-62.39712, 39.56654
-42.92070, 50.00570
-62.68414, 39.36863
-92.46686, 52.58963
-73.26619, 43.58675
-54.66756, 56.47182
-61.23061, 47.07460
-56.22278, 40.05849
-77.59584, 82.57140
-66.34409, 33.19568
-69.93433, 37.56050
-75.29096, 32.83173
-65.17099, 30.17483
-60.75746, 39.63278
-57.37032, 55.00911
-79.76988, 57.17864
-70.36578, 65.68919
-66.15849, 39.73180
-55.29435, 35.06466
-53.27207, 52.12707
-60.02962, 45.17549
-67.66300, 34.51655
-69.23466, 113.73447
-72.33697, 46.89785
-47.19219, 66.27932
-44.11360, 46.33225
-64.34280, 34.12964
-61.93848, 35.60433
-55.29826, 30.73198
-66.34677, 83.50427
-48.72235, 25.60738
-44.84954, 38.03342
-61.80264, 40.04419
-65.61970, 51.99554
-57.00263, 54.69611
-49.20663, 43.97408
-70.57462, 29.60985
-66.67244, 56.37123
-82.74172, 59.61757
-57.75314, 47.51502
-52.32379, 49.08507
-59.73653, 36.06875
-47.51385, 41.66195
-46.61227, 44.09780
-57.72828, 38.52581
-62.02754, 68.71507
-59.54711, 51.31125
-55.48551, 83.27173
-67.91499, 63.84807
-56.14709, 34.28028
-72.81618, 60.17122
-55.87314, 57.35501
-60.65856, 31.51833
-73.94229, 49.96149
-66.13051, 50.20311
-71.78538, 52.36721
-56.42702, 58.99386
-63.50286, 46.75449
-55.19809, 27.99564
-64.14349, 39.83250
-61.90236, 63.36396
-40.30497, 36.87013
-77.16088, 46.35408
-47.21990, 39.92072
-65.24966, 52.77691
-67.55987, 63.19432
-41.09387, 13.62530
-67.63323, 79.86581
-72.09545, 43.88570
-75.13744, 39.17301
-66.92255, 59.30901
-83.56831, 48.20154
-44.11016, 46.59665
-76.40806, 56.48423
-60.63101, 35.95095
-71.02846, 40.82579
-46.91000, 19.88172
-59.89196, 40.02561
-64.76022, 57.26186
-85.86113, 53.61140
-51.45205, 45.37326
-49.84886, 43.16686
-42.08738, 58.67656
-56.22649, 42.37657
-65.08182, 32.94190
-69.90262, 61.22924
-76.26910, 61.59202
-76.70741, 46.52330
-63.72193, 56.79050
-64.83298, 51.96443
-76.78816, 41.71532
-52.40439, 47.18098
-62.01724, 63.17973
-64.96835, 80.78956
-53.88528, 50.29296
-70.97489, 35.38507
-56.18719, 56.85857
-42.94763, 45.55706
-44.87924, 18.88990
-57.35232, 35.02936
-51.94691, 55.39568
-53.87888, 58.95543
-54.22071, 44.52800
-47.69359, 39.70388
-73.83301, 43.15956
-48.49930, 34.12027
-79.22571, 57.08469
-58.03970, 56.53212
-46.52465, 38.65769
-63.20847, 40.33760
-41.53309, 51.40009
-57.91031, 31.85185
-67.26383, 63.93979
-68.21604, 32.75205
-61.45510, 46.15345
-72.27702, 81.17406
-66.87789, 47.06137
-50.89452, 38.23906
-61.32835, 34.15726
-73.32980, 53.76520
-59.32074, 38.77214
-58.82809, 33.64285
-71.82021, 95.32599
-61.61721, 73.12334
-62.09414, 54.19511
-62.27729, 41.71416
-76.98948, 65.99364
-76.82258, 40.01304
-55.16872, 42.70053
-72.00385, 38.16479
-46.63615, 36.89839
-61.80441, 52.26183
-68.13880, 41.18629
-48.55884, 42.65747
-95.54144, 134.59129
-46.00125, 25.71081
-55.84819, 38.43191
-87.32291, 98.41887
-43.53968, 32.34845
-50.76740, 44.92076
-64.42982, 58.42098
-55.97778, 27.89156
-54.85252, 51.65479
-51.33435, 55.12195
-57.04162, 40.47864
-62.86661, 42.71864
-64.23260, 55.25961
-73.54166, 38.07545
--------------------12 layer -------------------
0.00000, 1.00000
0.00000, 1.00000
0.00000, 1.00000
0.00000, 1.00000
0.00000, 1.00000
0.00000, 1.00000
0.00000, 1.00000
0.00000, 1.00000
0.00000, 1.00000
0.00000, 1.00000
0.00000, 1.00000
0.00000, 1.00000
0.00000, 1.00000
0.00000, 1.00000
0.00000, 1.00000
0.00000, 1.00000
0.00000, 1.00000
0.00000, 1.00000
0.00000, 1.00000
0.00000, 1.00000
0.00000, 1.00000
0.00000, 1.00000
0.00000, 1.00000
0.00000, 1.00000
0.00000, 1.00000
0.00000, 1.00000
0.00000, 1.00000
0.00000, 1.00000
0.00000, 1.00000
0.00000, 1.00000
0.00000, 1.00000
0.00000, 1.00000
0.00000, 1.00000
0.00000, 1.00000
0.00000, 1.00000
0.00000, 1.00000
0.00000, 1.00000
0.00000, 1.00000
0.00000, 1.00000
0.00000, 1.00000
0.00000, 1.00000
0.00000, 1.00000
0.00000, 1.00000
0.00000, 1.00000
0.00000, 1.00000
0.00000, 1.00000
0.00000, 1.00000
0.00000, 1.00000
0.00000, 1.00000
0.00000, 1.00000
0.00000, 1.00000
0.00000, 1.00000
0.00000, 1.00000
0.00000, 1.00000
0.00000, 1.00000
0.00000, 1.00000
0.00000, 1.00000
0.00000, 1.00000
0.00000, 1.00000
0.00000, 1.00000
0.00000, 1.00000
0.00000, 1.00000
0.00000, 1.00000
0.00000, 1.00000
0.00000, 1.00000
0.00000, 1.00000
0.00000, 1.00000
0.00000, 1.00000
0.00000, 1.00000
0.00000, 1.00000
0.00000, 1.00000
0.00000, 1.00000
0.00000, 1.00000
0.00000, 1.00000
0.00000, 1.00000
0.00000, 1.00000
0.00000, 1.00000
0.00000, 1.00000
0.00000, 1.00000
0.00000, 1.00000
0.00000, 1.00000
0.00000, 1.00000
0.00000, 1.00000
0.00000, 1.00000
0.00000, 1.00000
0.00000, 1.00000
0.00000, 1.00000
0.00000, 1.00000
0.00000, 1.00000
0.00000, 1.00000
0.00000, 1.00000
0.00000, 1.00000
0.00000, 1.00000
0.00000, 1.00000
0.00000, 1.00000
0.00000, 1.00000
0.00000, 1.00000
0.00000, 1.00000
0.00000, 1.00000
0.00000, 1.00000
0.00000, 1.00000
0.00000, 1.00000
0.00000, 1.00000
0.00000, 1.00000
0.00000, 1.00000
0.00000, 1.00000
0.00000, 1.00000
0.00000, 1.00000
0.00000, 1.00000
0.00000, 1.00000
0.00000, 1.00000
0.00000, 1.00000
0.00000, 1.00000
0.00000, 1.00000
0.00000, 1.00000
0.00000, 1.00000
0.00000, 1.00000
0.00000, 1.00000
0.00000, 1.00000
0.00000, 1.00000
0.00000, 1.00000
0.00000, 1.00000
0.00000, 1.00000
0.00000, 1.00000
0.00000, 1.00000
0.00000, 1.00000
0.00000, 1.00000
0.00000, 1.00000
0.00000, 1.00000
0.00000, 1.00000
0.00000, 1.00000
0.00000, 1.00000
0.00000, 1.00000
0.00000, 1.00000
0.00000, 1.00000
0.00000, 1.00000
0.00000, 1.00000
0.00000, 1.00000
0.00000, 1.00000
0.00000, 1.00000
0.00000, 1.00000
0.00000, 1.00000
0.00000, 1.00000
0.00000, 1.00000
0.00000, 1.00000
0.00000, 1.00000
0.00000, 1.00000
0.00000, 1.00000
0.00000, 1.00000
0.00000, 1.00000
0.00000, 1.00000
0.00000, 1.00000
0.00000, 1.00000
0.00000, 1.00000
0.00000, 1.00000
0.00000, 1.00000
0.00000, 1.00000
0.00000, 1.00000
0.00000, 1.00000
0.00000, 1.00000
0.00000, 1.00000
0.00000, 1.00000
0.00000, 1.00000
0.00000, 1.00000
0.00000, 1.00000
0.00000, 1.00000
0.00000, 1.00000
0.00000, 1.00000
0.00000, 1.00000
0.00000, 1.00000
0.00000, 1.00000
0.00000, 1.00000
0.00000, 1.00000
0.00000, 1.00000
0.00000, 1.00000
0.00000, 1.00000
0.00000, 1.00000
0.00000, 1.00000
0.00000, 1.00000
0.00000, 1.00000
0.00000, 1.00000
0.00000, 1.00000
0.00000, 1.00000
0.00000, 1.00000
0.00000, 1.00000
0.00000, 1.00000
0.00000, 1.00000
0.00000, 1.00000
0.00000, 1.00000
0.00000, 1.00000
0.00000, 1.00000
0.00000, 1.00000
0.00000, 1.00000
0.00000, 1.00000
0.00000, 1.00000
0.00000, 1.00000
0.00000, 1.00000
0.00000, 1.00000
0.00000, 1.00000
0.00000, 1.00000
--------------------13 layer -------------------
-79.41696, 30.75748
-150.71899, 101.96757
-112.60447, 71.34242
-153.29247, 119.12567
-63.33539, 27.69088
-87.25513, 52.14512
-67.36034, 29.72555
-130.97955, 97.11353
-121.65582, 81.92842
-67.96957, 37.10651
[L0] DeepCert            -sigmoid, 	 total_images=1, 	 avg=0.00000, 	 std=0.00000, 	 avg_runtime=12.19
====================== Overapproximation ======================
--------------------1 layer -------------------
28.71780, 43.71467
-29.91106, -12.11664
-28.71391, -12.80628
-31.86830, -16.89292
-11.90634, 4.78865
-24.81141, -9.04529
-18.40773, -2.75300
5.97383, 21.40128
-50.41768, -33.14639
12.50726, 29.36212
-34.25537, -17.94126
-59.15884, -43.59095
-46.19001, -32.22648
-3.59932, 10.38167
-10.93593, 1.68359
29.05210, 45.30705
36.77571, 54.62879
-56.73876, -37.90367
-36.35070, -21.16671
-41.68603, -26.71201
-33.96083, -19.83926
-11.92031, 1.36011
-13.67312, -0.92010
-35.60814, -19.34090
-35.18182, -20.44429
-43.18099, -29.77155
-89.68738, -70.35811
-34.49269, -17.24392
-20.89787, -6.44957
-27.07432, -12.19951
13.18981, 28.84506
-6.48521, 12.22779
1.41424, 17.56923
47.75629, 62.68841
-18.23161, -3.81252
55.36032, 69.10609
-19.72228, -4.42756
-20.54804, -4.83606
-10.72959, 2.83045
-10.25165, 3.31769
-2.67172, 12.98160
-6.76284, 8.10479
-54.76860, -39.65519
-43.23305, -28.01642
-11.64206, 5.32711
-27.93655, -11.68825
-3.64759, 13.31948
-1.10453, 13.02851
-22.31432, -8.82333
-17.17752, -4.58006
-27.65984, -16.05970
5.64989, 22.36599
-6.18714, 6.76235
-19.61672, -6.09169
4.07773, 20.32262
-24.42809, -9.69817
4.00785, 20.09005
-72.00660, -55.00510
6.66800, 19.36967
-21.52643, -7.09250
-53.14322, -37.55517
25.23090, 39.63554
-21.11770, -7.90832
17.59353, 32.00609
11.01672, 28.56922
-12.26031, 1.43569
-6.03885, 7.86193
34.17248, 49.75340
-13.36855, 4.34117
-70.03127, -55.48325
-36.79093, -21.62346
-39.68057, -24.20710
-25.56402, -11.04365
-37.98897, -26.14040
-13.07023, 1.14746
-24.42462, -10.68132
-39.81804, -25.23384
-53.21378, -38.10461
-72.36983, -59.27155
-38.77114, -23.63421
-2.76258, 12.51255
-71.50949, -53.87662
1.63578, 20.32609
32.87062, 48.59989
-26.37061, -10.58058
-48.94678, -34.98028
-47.50510, -32.87814
-38.64343, -23.35536
-30.33963, -15.71947
-36.84583, -22.86627
-39.36237, -24.71348
3.73259, 17.89338
-8.95544, 4.74391
-0.75122, 14.26184
-49.74623, -33.51136
8.69310, 22.74594
-13.70530, 2.00930
-18.12457, -3.80228
-42.42773, -24.40973
-22.03791, -7.70232
20.53430, 35.21060
46.88367, 60.29530
19.26803, 35.08079
-51.12667, -37.09509
2.82106, 17.22376
34.87960, 48.34008
-26.25769, -11.90092
-21.77737, -5.65731
-31.43249, -16.79558
-13.28574, 3.73920
-32.55036, -16.85753
-35.54486, -21.43554
-67.45853, -48.73311
-54.00714, -41.35952
-22.72035, -8.91531
-35.28749, -19.60308
-24.92076, -7.76956
-34.04537, -20.23799
-7.56780, 7.71830
-48.99995, -33.68909
9.13916, 23.88366
-4.54066, 9.21571
-0.92715, 16.43398
-46.75982, -33.16222
-64.67913, -50.38510
-26.12673, -13.53181
-33.74931, -17.43185
-52.14349, -37.60854
-2.55389, 14.55666
-38.33873, -24.85534
-22.45274, -7.28079
-25.37895, -8.26854
30.25006, 47.72983
-31.75898, -18.56510
-34.26902, -20.61243
-12.83603, 5.20598
37.02785, 51.98870
-25.77461, -9.74404
-28.18605, -13.91853
-22.76553, -8.15162
-51.63403, -38.47659
-31.51242, -17.86305
-23.55942, -9.04161
0.48071, 15.27725
47.41017, 63.22178
-20.36943, -6.87667
-28.37324, -11.47358
36.61178, 51.37843
20.42570, 34.76191
-87.54111, -68.89824
-29.00583, -14.65885
-5.81399, 10.34438
21.15322, 38.99910
-46.67842, -32.31417
-26.91486, -12.18567
-26.29363, -12.38383
62.43776, 80.32440
-20.28014, -6.76984
-59.60362, -46.01442
-12.63792, 4.92345
-3.69774, 11.59073
-25.28670, -11.32119
-19.19290, -5.10172
-46.41736, -30.94253
-84.02589, -65.31738
-14.61850, -0.25116
-47.19286, -30.68908
-6.68043, 11.64755
-36.88411, -19.87358
-4.44840, 9.55386
-42.49679, -25.78348
-60.79283, -46.73868
-64.60148, -47.26807
-52.81935, -38.10345
-21.36365, -7.44225
-13.20139, -1.61677
-44.66247, -31.75268
-59.35918, -45.31803
-16.64198, 2.39415
-23.26320, -10.17690
-1.66033, 13.76611
16.55261, 30.26237
11.44038, 25.77936
-12.84452, 0.18825
51.36370, 64.34204
-56.78755, -39.05501
-36.63943, -22.00953
19.13972, 33.35027
38.37370, 56.02598
-50.89199, -35.17685
-0.39741, 14.95015
1.39846, 16.11476
-30.41321, -16.36218
-5.95925, 10.06688
-26.92664, -13.05451
1.43977, 15.20748
-69.84837, -54.79266
-6.98157, 6.17902
-53.68868, -36.36363
-43.03003, -25.94279
--------------------2 layer -------------------
1.00000, 1.00000
0.00000, 0.00001
0.00000, 0.00000
0.00000, 0.00000
0.00001, 0.99175
0.00000, 0.00012
0.00000, 0.05992
0.99746, 1.00000
0.00000, 0.00000
1.00000, 1.00000
0.00000, 0.00000
0.00000, 0.00000
0.00000, 0.00000
0.02661, 0.99997
0.00002, 0.84338
1.00000, 1.00000
1.00000, 1.00000
0.00000, 0.00000
0.00000, 0.00000
0.00000, 0.00000
0.00000, 0.00000
0.00001, 0.79578
0.00000, 0.28494
0.00000, 0.00000
0.00000, 0.00000
0.00000, 0.00000
0.00000, 0.00000
0.00000, 0.00000
0.00000, 0.00158
0.00000, 0.00001
1.00000, 1.00000
0.00152, 1.00000
0.80443, 1.00000
1.00000, 1.00000
0.00000, 0.02161
1.00000, 1.00000
0.00000, 0.01180
0.00000, 0.00788
0.00002, 0.94430
0.00004, 0.96503
0.06466, 1.00000
0.00115, 0.99970
0.00000, 0.00000
0.00000, 0.00000
0.00001, 0.99517
0.00000, 0.00001
0.02539, 1.00000
0.24889, 1.00000
0.00000, 0.00015
0.00000, 0.01015
0.00000, 0.00000
0.99649, 1.00000
0.00205, 0.99884
0.00000, 0.00226
0.98334, 1.00000
0.00000, 0.00006
0.98215, 1.00000
0.00000, 0.00000
0.99873, 1.00000
0.00000, 0.00083
0.00000, 0.00000
1.00000, 1.00000
0.00000, 0.00037
1.00000, 1.00000
0.99998, 1.00000
0.00000, 0.80779
0.00238, 0.99962
1.00000, 1.00000
0.00000, 0.98715
0.00000, 0.00000
0.00000, 0.00000
0.00000, 0.00000
0.00000, 0.00002
0.00000, 0.00000
0.00000, 0.75905
0.00000, 0.00002
0.00000, 0.00000
0.00000, 0.00000
0.00000, 0.00000
0.00000, 0.00000
0.05938, 1.00000
0.00000, 0.00000
0.83696, 1.00000
1.00000, 1.00000
0.00000, 0.00003
0.00000, 0.00000
0.00000, 0.00000
0.00000, 0.00000
0.00000, 0.00000
0.00000, 0.00000
0.00000, 0.00000
0.97663, 1.00000
0.00013, 0.99137
0.32056, 1.00000
0.00000, 0.00000
0.99983, 1.00000
0.00000, 0.88177
0.00000, 0.02183
0.00000, 0.00000
0.00000, 0.00045
1.00000, 1.00000
1.00000, 1.00000
1.00000, 1.00000
0.00000, 0.00000
0.94380, 1.00000
1.00000, 1.00000
0.00000, 0.00001
0.00000, 0.00348
0.00000, 0.00000
0.00000, 0.97678
0.00000, 0.00000
0.00000, 0.00000
0.00000, 0.00000
0.00000, 0.00000
0.00000, 0.00013
0.00000, 0.00000
0.00000, 0.00042
0.00000, 0.00000
0.00052, 0.99956
0.00000, 0.00000
0.99989, 1.00000
0.01055, 0.99990
0.28350, 1.00000
0.00000, 0.00000
0.00000, 0.00000
0.00000, 0.00000
0.00000, 0.00000
0.00000, 0.00000
0.07217, 1.00000
0.00000, 0.00000
0.00000, 0.00069
0.00000, 0.00026
1.00000, 1.00000
0.00000, 0.00000
0.00000, 0.00000
0.00000, 0.99455
1.00000, 1.00000
0.00000, 0.00006
0.00000, 0.00000
0.00000, 0.00029
0.00000, 0.00000
0.00000, 0.00000
0.00000, 0.00012
0.61792, 1.00000
1.00000, 1.00000
0.00000, 0.00103
0.00000, 0.00001
1.00000, 1.00000
1.00000, 1.00000
0.00000, 0.00000
0.00000, 0.00000
0.00298, 0.99997
1.00000, 1.00000
0.00000, 0.00000
0.00000, 0.00001
0.00000, 0.00000
1.00000, 1.00000
0.00000, 0.00115
0.00000, 0.00000
0.00000, 0.99278
0.02418, 0.99999
0.00000, 0.00001
0.00000, 0.00605
0.00000, 0.00000
0.00000, 0.00000
0.00000, 0.43754
0.00000, 0.00000
0.00125, 0.99999
0.00000, 0.00000
0.01156, 0.99993
0.00000, 0.00000
0.00000, 0.00000
0.00000, 0.00000
0.00000, 0.00000
0.00000, 0.00059
0.00000, 0.16565
0.00000, 0.00000
0.00000, 0.00000
0.00000, 0.91638
0.00000, 0.00004
0.15972, 1.00000
1.00000, 1.00000
0.99999, 1.00000
0.00000, 0.54692
1.00000, 1.00000
0.00000, 0.00000
0.00000, 0.00000
1.00000, 1.00000
1.00000, 1.00000
0.00000, 0.00000
0.40194, 1.00000
0.80194, 1.00000
0.00000, 0.00000
0.00258, 0.99996
0.00000, 0.00000
0.80842, 1.00000
0.00000, 0.00000
0.00093, 0.99793
0.00000, 0.00000
0.00000, 0.00000
--------------------3 layer -------------------
-15.84221, -5.78229
-11.13541, 0.69432
-10.03713, 3.89307
-6.63625, 3.28267
-11.99959, -0.21397
-14.18388, -1.89756
-15.89428, -4.97621
-10.92828, -1.56777
-10.49711, 1.73945
-3.37146, 12.87984
-17.03374, -5.08165
-12.14919, 2.74576
-12.35006, -0.92929
-18.56610, -5.32459
-14.01453, -2.99106
-8.47036, 2.33068
-7.70434, 6.60702
-9.26336, 0.24619
-7.29137, 2.91798
-16.32489, -4.73523
-10.63932, 3.14739
-10.09176, 3.69731
-16.29433, -5.40088
-4.80304, 6.96893
1.41508, 16.19975
-4.11005, 8.60259
-2.22507, 11.17828
-7.91286, 5.38186
-9.39143, -0.03447
-11.61980, -1.04070
-1.26588, 11.32024
-15.09576, 1.08168
-0.53071, 14.40503
-15.22703, 1.01996
-12.73038, -0.88661
-12.83736, -2.24252
-13.73008, -3.56899
-10.30244, 3.51760
-6.29130, 6.55220
-12.51845, -1.32608
-14.60791, -4.85939
-6.63738, 3.90382
-20.97867, -5.18415
-3.83043, 10.51864
-7.64485, 5.35701
-10.06842, 1.50997
-1.82782, 14.34881
-3.17172, 10.68776
-17.04118, -5.17590
-15.92858, -5.36295
-19.97256, -1.82055
-12.45943, 0.50044
-2.55803, 9.60423
-17.97505, -0.81730
-8.81931, 6.27654
-11.41115, -0.72090
-8.40951, 2.07750
-4.91643, 5.37420
-12.90652, -2.83838
-10.70238, 2.20383
-13.94661, -1.83137
-9.60873, 1.21535
-10.08691, 3.19702
-7.69879, 4.32944
-7.35205, 6.97172
-8.11127, 7.77267
-10.60935, 0.39922
-15.53293, -4.32110
-7.80109, 3.23747
-8.47029, 4.94957
-7.74693, 5.83894
-13.32543, 2.22541
-16.06619, -3.00653
-4.32217, 6.99709
-11.71332, -1.20947
-10.44704, 2.13377
-7.27662, 4.73337
-19.14629, -5.69499
-9.82046, 5.21425
-13.86032, -1.21271
-12.50552, -2.90420
-14.90104, -4.77397
-13.27843, 0.10738
-15.28778, -2.15486
-10.39267, 2.09978
-2.26034, 9.83608
-0.14134, 14.28703
-9.42692, 1.60780
-17.23012, -3.87040
-12.38589, -1.10060
-10.12672, 1.70693
-15.54878, -0.72603
-11.45734, -1.49490
-15.49424, 1.85415
-2.82763, 11.20730
-9.69827, 0.33733
-7.44703, 2.69647
-19.19863, -7.28917
-4.93836, 8.77474
-11.35471, 1.37225
-9.39307, 1.29451
-6.15174, 4.88025
-9.36609, 1.27146
-0.39597, 14.79880
-16.70652, -4.03707
-5.06680, 3.91088
-4.38936, 7.42626
-7.51227, 5.55493
-15.83779, -5.84106
-10.77420, 0.16350
-17.38768, -6.76368
-11.13983, 1.99723
-9.95445, 2.24242
-13.28732, -5.39492
-10.62792, 0.45919
-15.05044, 1.73055
-17.33786, -6.48016
-8.08920, -0.05904
-12.99787, 1.64074
-18.43139, -5.97589
-16.17457, -4.94802
-10.32507, 4.71103
-8.50333, 4.08831
-7.66767, 5.68206
-16.42220, 2.54436
-10.97873, -1.08235
-1.13437, 13.50721
-11.11409, -0.69084
-1.35229, 13.55163
-12.71011, 1.75514
-14.48848, -2.63505
-6.84609, 3.84543
-6.91216, 4.16567
-6.40023, 4.38749
-10.84392, 1.28331
-10.86018, 0.81468
-3.26643, 12.44337
-9.46251, 3.46686
-14.32602, 0.92480
-4.87376, 7.43080
-9.11567, 1.63529
-8.86960, 3.14615
-7.94952, 4.55221
-12.66256, 0.58493
-4.71572, 5.91594
-16.33862, -5.83809
-9.44844, 0.00491
-14.41113, -0.96441
-5.58447, 10.22374
-13.49543, -1.44808
-12.27911, 0.17210
-12.34587, -2.89648
-12.46131, 0.47188
-18.62699, -5.40226
-10.89659, -1.14515
-18.61307, -3.86263
-13.54128, -0.73508
-0.62154, 17.16955
-5.42852, 7.68337
-9.81799, 3.05575
-9.60702, 1.67146
-17.45241, -5.95647
-7.13214, 2.01923
-10.53233, 2.33758
-6.07761, 7.96184
-11.39098, 1.93592
-16.72436, -3.26576
-14.68593, 0.24908
-17.19200, -5.99971
-6.35304, 5.51051
-16.70739, 1.03552
-4.63120, 9.51424
-14.63949, -3.36710
-4.84457, 9.70720
-5.82078, 8.20021
-10.68285, -0.76149
-9.08079, 3.14192
-6.15229, 7.32384
-8.61093, 1.94867
-10.37735, 2.25767
-13.59786, 2.49141
-10.72107, -0.98092
-6.64111, 4.71563
-15.86273, -3.56449
-11.34561, -2.71057
-12.02689, -0.73638
-8.84543, 4.17915
-4.87597, 9.09054
-15.74115, -3.56861
-12.30779, 3.90083
-10.58896, 1.93189
-13.64567, -1.02708
-10.49558, 2.37126
-8.35787, 1.74736
-14.94289, -4.98799
-7.55659, 4.44199
-12.30710, -1.03589
-15.18743, -0.76580
-4.49469, 7.15306
-18.54000, -0.15570
--------------------4 layer -------------------
0.00000, 0.00307
0.00001, 0.66693
0.00004, 0.98002
0.00131, 0.96383
0.00001, 0.44671
0.00000, 0.13038
0.00000, 0.00685
0.00002, 0.17254
0.00003, 0.85062
0.03320, 1.00000
0.00000, 0.00617
0.00001, 0.93967
0.00000, 0.28307
0.00000, 0.00485
0.00000, 0.04783
0.00021, 0.91139
0.00045, 0.99865
0.00009, 0.56124
0.00068, 0.94873
0.00000, 0.00870
0.00002, 0.95881
0.00004, 0.97581
0.00000, 0.00449
0.00814, 0.99906
0.80457, 1.00000
0.01614, 0.99982
0.09752, 0.99999
0.00037, 0.99542
0.00008, 0.49138
0.00001, 0.26101
0.21996, 0.99999
0.00000, 0.74681
0.37035, 1.00000
0.00000, 0.73496
0.00000, 0.29181
0.00000, 0.09600
0.00000, 0.02741
0.00003, 0.97118
0.00185, 0.99858
0.00000, 0.20981
0.00000, 0.00770
0.00131, 0.98023
0.00000, 0.00557
0.02124, 0.99997
0.00048, 0.99531
0.00004, 0.81906
0.13850, 1.00000
0.04024, 0.99998
0.00000, 0.00562
0.00000, 0.00467
0.00000, 0.13937
0.00000, 0.62256
0.07189, 0.99993
0.00000, 0.30634
0.00015, 0.99812
0.00001, 0.32720
0.00022, 0.88870
0.00727, 0.99539
0.00000, 0.05529
0.00002, 0.90059
0.00000, 0.13808
0.00007, 0.77124
0.00004, 0.96072
0.00045, 0.98700
0.00064, 0.99906
0.00030, 0.99958
0.00002, 0.59850
0.00000, 0.01311
0.00041, 0.96222
0.00021, 0.99296
0.00043, 0.99710
0.00000, 0.90251
0.00000, 0.04713
0.01310, 0.99909
0.00001, 0.22979
0.00003, 0.89414
0.00069, 0.99128
0.00000, 0.00335
0.00005, 0.99459
0.00000, 0.22922
0.00000, 0.05195
0.00000, 0.00838
0.00000, 0.52682
0.00000, 0.10388
0.00003, 0.89088
0.09446, 0.99995
0.46472, 1.00000
0.00008, 0.83311
0.00000, 0.02042
0.00000, 0.24963
0.00004, 0.84644
0.00000, 0.32607
0.00001, 0.18319
0.00000, 0.86461
0.05585, 0.99999
0.00006, 0.58354
0.00058, 0.93682
0.00000, 0.00068
0.00712, 0.99985
0.00001, 0.79774
0.00008, 0.78491
0.00213, 0.99246
0.00009, 0.78099
0.40228, 1.00000
0.00000, 0.01734
0.00626, 0.98037
0.01226, 0.99940
0.00055, 0.99615
0.00000, 0.00290
0.00002, 0.54078
0.00000, 0.00115
0.00001, 0.88051
0.00005, 0.90399
0.00000, 0.00452
0.00002, 0.61282
0.00000, 0.84948
0.00000, 0.00153
0.00031, 0.48524
0.00000, 0.83764
0.00000, 0.00253
0.00000, 0.00705
0.00003, 0.99108
0.00020, 0.98351
0.00047, 0.99661
0.00000, 0.92719
0.00002, 0.25306
0.24336, 1.00000
0.00001, 0.33385
0.20550, 1.00000
0.00000, 0.85260
0.00000, 0.06692
0.00106, 0.97907
0.00099, 0.98472
0.00166, 0.98772
0.00002, 0.78301
0.00002, 0.69310
0.03674, 1.00000
0.00008, 0.96973
0.00000, 0.71602
0.00759, 0.99941
0.00011, 0.83689
0.00014, 0.95876
0.00035, 0.98957
0.00000, 0.64220
0.00887, 0.99731
0.00000, 0.00291
0.00008, 0.50123
0.00000, 0.27600
0.00374, 0.99996
0.00000, 0.19030
0.00000, 0.54292
0.00000, 0.05233
0.00000, 0.61583
0.00000, 0.00449
0.00002, 0.24138
0.00000, 0.02058
0.00000, 0.32408
0.34943, 1.00000
0.00437, 0.99954
0.00005, 0.95503
0.00007, 0.84177
0.00000, 0.00258
0.00080, 0.88280
0.00003, 0.91194
0.00229, 0.99965
0.00001, 0.87390
0.00000, 0.03676
0.00000, 0.56195
0.00000, 0.00247
0.00174, 0.99597
0.00000, 0.73798
0.00965, 0.99993
0.00000, 0.03334
0.00781, 0.99994
0.00296, 0.99973
0.00002, 0.31832
0.00011, 0.95859
0.00212, 0.99934
0.00018, 0.87530
0.00003, 0.90531
0.00000, 0.92354
0.00002, 0.27271
0.00130, 0.99113
0.00000, 0.02753
0.00001, 0.06235
0.00001, 0.32380
0.00014, 0.98492
0.00757, 0.99989
0.00000, 0.02742
0.00000, 0.98018
0.00003, 0.87346
0.00000, 0.26365
0.00003, 0.91461
0.00023, 0.85162
0.00000, 0.00677
0.00052, 0.98836
0.00000, 0.26194
0.00000, 0.31739
0.01104, 0.99922
0.00000, 0.46115
--------------------5 layer -------------------
-23.00332, 0.53796
-3.24426, 25.57524
-24.77470, 6.69142
-28.11355, 6.01681
-23.47315, 6.30699
-31.58678, 7.88348
-20.87584, 15.60576
-9.33137, 16.42037
-7.28790, 20.06076
-19.45056, 9.76639
-23.91086, 7.87104
-26.69853, 6.97418
-14.07786, 11.07291
-16.49852, 6.20309
-11.93544, 16.86867
-27.67748, 4.46700
-26.89705, 4.56585
-25.83386, 6.77127
-21.03531, 5.65039
-11.81648, 21.47489
-29.44873, 4.00959
-19.20922, 8.92500
-32.45951, 9.23695
-19.26267, 10.88552
-26.26837, 6.59940
-21.27069, 8.53585
-28.50216, 3.25373
-22.17307, 1.69323
-18.58336, 5.32544
-24.65360, 6.34740
-16.23463, 16.17972
-26.16742, 6.56553
-26.70068, 6.96424
-19.94318, 4.92796
-20.08965, 9.65810
-18.57803, 9.19749
-19.47046, 3.88289
-25.50691, -0.70353
-29.35599, 5.01468
-37.83736, 5.64770
-25.11267, 4.21418
-23.89805, 2.27987
-21.80146, 7.58600
-18.75423, 13.24143
-16.03983, 18.35542
-23.95360, 4.76329
-23.83344, 5.83707
-23.76561, 2.21228
-34.10521, 6.95157
-29.13515, 5.16248
-12.55688, 15.01999
-26.26384, 5.51232
-23.14188, 3.21651
-14.98334, 12.36996
-22.32364, -1.07066
-23.47869, 4.90014
-15.03506, 19.27425
-6.59040, 25.25868
-28.26261, 0.93740
-20.98961, 9.04264
-25.39212, 7.03582
-13.77968, 20.54405
-12.17648, 15.10573
-20.00636, 7.83537
-32.30470, 8.02407
-21.66007, 12.78240
-14.32244, 20.06012
-19.44223, 19.93175
-31.27512, 8.62740
-21.00794, 13.37949
-38.56909, -0.39915
-26.69064, -2.72044
-9.04263, 20.18951
-25.80113, 7.35057
-27.20270, 7.18835
-22.57439, 1.51429
-19.74115, 8.63685
-28.45858, 5.77796
-12.78413, 26.47230
-25.73462, -0.24736
-12.66728, 22.97057
-15.04650, 15.37535
-26.86964, 4.84441
-10.76309, 23.76061
-28.14442, 5.51027
-9.51897, 16.08997
-31.72819, 8.80089
-9.58407, 25.80928
-32.78428, 0.63387
-26.65118, 6.92118
-24.94381, 2.68526
-21.84693, 6.53616
-24.43281, 10.72137
-19.94403, 8.74051
-13.21722, 10.83611
-21.96344, 5.37604
-21.34134, 8.92384
-41.69640, -0.57072
-19.89342, 7.25421
-10.04919, 19.11810
-24.86273, 5.23840
-22.93476, 3.01713
-25.89901, 6.71286
-26.72610, 5.97480
-10.62308, 15.52434
-20.24671, 6.94180
-20.69656, 9.11199
-30.39144, 7.52416
-34.74681, 2.91702
-7.86676, 18.71947
-28.36887, 5.94894
-20.62329, 11.85375
-9.60569, 20.99669
-25.83724, 5.38109
-33.23671, 7.23104
-24.73178, 6.37576
-24.02890, 2.09588
-22.74183, 4.47168
-12.53168, 11.48516
-15.65475, 9.71640
-21.28436, 7.07561
-36.15095, -0.33435
-18.33281, 7.71963
-31.32405, 7.66821
-29.13700, 7.05071
-28.43451, 8.32272
-19.55147, 8.73283
-25.76596, 6.13516
-42.36072, -1.15024
-15.20632, 12.99119
-24.93009, 4.08945
-27.98994, 6.96439
-13.05982, 16.77390
-31.22902, 7.99802
-27.68550, 6.03164
-19.11674, 12.74337
-20.59916, 9.44224
-33.17000, 8.51410
-30.70326, 0.46014
-25.90852, 8.96752
-34.54765, 8.23717
-9.98430, 19.41628
-5.46838, 27.64056
-13.57908, 15.18351
-28.10460, 3.25405
-25.19667, 2.08326
-28.56699, 6.24048
-15.48617, 12.53745
-29.49286, 8.10583
-19.29902, 8.23758
-22.93489, 5.55725
-32.11592, 7.13747
-4.28196, 24.31075
-20.61917, 6.63836
-12.39215, 16.83405
-24.71098, 0.04023
-18.68687, 12.56436
-21.13501, 10.61081
-27.96171, 7.78712
-22.98016, 4.84071
-17.64223, 13.07580
-15.28078, 16.51374
-24.77465, 3.40378
-24.01313, 1.51094
-20.17140, 5.90911
-22.45276, 8.04547
-29.96524, 6.21847
-28.92075, 4.76716
-17.68019, 5.57042
-19.32561, 6.83352
-21.91067, 9.35065
-29.97794, 6.12444
-20.19275, 8.53394
-29.54659, 11.76318
-27.99267, 6.54536
-19.70732, 9.16973
-26.85658, 5.06996
-20.75314, 1.11687
-22.37873, 5.80261
-28.79678, 5.34450
-27.52092, 5.94355
-24.98866, 11.22821
-27.07501, 5.49125
-9.25592, 24.57213
-23.18023, 14.83139
-23.49612, 6.83186
-9.11407, 17.07377
-27.72841, 1.90696
-26.66409, 5.21853
-9.23686, 21.10968
-19.44954, 6.56931
-23.11105, 6.61695
-23.65797, 8.64068
-28.02858, 4.46504
-15.91564, 19.29899
-20.57306, 11.99701
-19.36981, 18.40152
-18.97381, 16.07878
-15.77402, 14.18245
-28.13967, 7.32336
--------------------6 layer -------------------
0.00000, 0.63134
0.03753, 1.00000
0.00000, 0.99876
0.00000, 0.99757
0.00000, 0.99818
0.00000, 0.99962
0.00000, 1.00000
0.00009, 1.00000
0.00068, 1.00000
0.00000, 0.99994
0.00000, 0.99962
0.00000, 0.99907
0.00000, 0.99998
0.00000, 0.99798
0.00001, 1.00000
0.00000, 0.98865
0.00000, 0.98971
0.00000, 0.99886
0.00000, 0.99650
0.00001, 1.00000
0.00000, 0.98218
0.00000, 0.99987
0.00000, 0.99990
0.00000, 0.99998
0.00000, 0.99864
0.00000, 0.99980
0.00000, 0.96281
0.00000, 0.84465
0.00000, 0.99516
0.00000, 0.99825
0.00000, 1.00000
0.00000, 0.99859
0.00000, 0.99906
0.00000, 0.99281
0.00000, 0.99994
0.00000, 0.99990
0.00000, 0.97982
0.00000, 0.33103
0.00000, 0.99340
0.00000, 0.99649
0.00000, 0.98543
0.00000, 0.90720
0.00000, 0.99949
0.00000, 1.00000
0.00000, 1.00000
0.00000, 0.99153
0.00000, 0.99709
0.00000, 0.90135
0.00000, 0.99904
0.00000, 0.99431
0.00000, 1.00000
0.00000, 0.99598
0.00000, 0.96145
0.00000, 1.00000
0.00000, 0.25528
0.00000, 0.99261
0.00000, 1.00000
0.00137, 1.00000
0.00000, 0.71857
0.00000, 0.99988
0.00000, 0.99912
0.00000, 1.00000
0.00001, 1.00000
0.00000, 0.99960
0.00000, 0.99967
0.00000, 1.00000
0.00000, 1.00000
0.00000, 1.00000
0.00000, 0.99982
0.00000, 1.00000
0.00000, 0.40152
0.00000, 0.06178
0.00012, 1.00000
0.00000, 0.99936
0.00000, 0.99925
0.00000, 0.81970
0.00000, 0.99982
0.00000, 0.99691
0.00000, 1.00000
0.00000, 0.43847
0.00000, 1.00000
0.00000, 1.00000
0.00000, 0.99219
0.00002, 1.00000
0.00000, 0.99597
0.00007, 1.00000
0.00000, 0.99985
0.00007, 1.00000
0.00000, 0.65337
0.00000, 0.99901
0.00000, 0.93615
0.00000, 0.99855
0.00000, 0.99998
0.00000, 0.99984
0.00000, 0.99998
0.00000, 0.99540
0.00000, 0.99987
0.00000, 0.36107
0.00000, 0.99929
0.00004, 1.00000
0.00000, 0.99472
0.00000, 0.95334
0.00000, 0.99879
0.00000, 0.99746
0.00002, 1.00000
0.00000, 0.99903
0.00000, 0.99989
0.00000, 0.99946
0.00000, 0.94868
0.00038, 1.00000
0.00000, 0.99740
0.00000, 0.99999
0.00007, 1.00000
0.00000, 0.99542
0.00000, 0.99928
0.00000, 0.99830
0.00000, 0.89050
0.00000, 0.98870
0.00000, 0.99999
0.00000, 0.99994
0.00000, 0.99916
0.00000, 0.41718
0.00000, 0.99956
0.00000, 0.99953
0.00000, 0.99913
0.00000, 0.99976
0.00000, 0.99984
0.00000, 0.99784
0.00000, 0.24045
0.00000, 1.00000
0.00000, 0.98353
0.00000, 0.99906
0.00000, 1.00000
0.00000, 0.99966
0.00000, 0.99760
0.00000, 1.00000
0.00000, 0.99992
0.00000, 0.99980
0.00000, 0.61305
0.00000, 0.99987
0.00000, 0.99974
0.00005, 1.00000
0.00420, 1.00000
0.00000, 1.00000
0.00000, 0.96282
0.00000, 0.88927
0.00000, 0.99805
0.00000, 1.00000
0.00000, 0.99970
0.00000, 0.99974
0.00000, 0.99616
0.00000, 0.99921
0.01363, 1.00000
0.00000, 0.99869
0.00000, 1.00000
0.00000, 0.51006
0.00000, 1.00000
0.00000, 0.99998
0.00000, 0.99959
0.00000, 0.99216
0.00000, 1.00000
0.00000, 1.00000
0.00000, 0.96782
0.00000, 0.81920
0.00000, 0.99729
0.00000, 0.99968
0.00000, 0.99801
0.00000, 0.99157
0.00000, 0.99621
0.00000, 0.99892
0.00000, 0.99991
0.00000, 0.99782
0.00000, 0.99980
0.00000, 0.99999
0.00000, 0.99857
0.00000, 0.99990
0.00000, 0.99376
0.00000, 0.75341
0.00000, 0.99699
0.00000, 0.99525
0.00000, 0.99738
0.00000, 0.99999
0.00000, 0.99589
0.00010, 1.00000
0.00000, 1.00000
0.00000, 0.99892
0.00011, 1.00000
0.00000, 0.87068
0.00000, 0.99461
0.00010, 1.00000
0.00000, 0.99860
0.00000, 0.99866
0.00000, 0.99982
0.00000, 0.98863
0.00000, 1.00000
0.00000, 0.99999
0.00000, 1.00000
0.00000, 1.00000
0.00000, 1.00000
0.00000, 0.99934
--------------------7 layer -------------------
-49.90160, 38.17034
-36.14039, 51.28897
-31.00059, 48.15914
-52.03640, 27.45659
-36.79749, 52.15075
-63.71859, 26.66976
-58.42526, 36.73328
-30.72896, 69.72481
-30.00110, 48.29253
-65.22626, 42.53961
-61.04328, 33.99147
-58.44730, 29.62183
-48.06040, 48.02999
-45.11563, 40.47297
-65.66174, 38.81663
-55.17103, 41.08735
-61.52768, 30.85966
-49.16691, 64.77289
-36.36971, 36.57280
-46.12643, 22.83617
-50.03948, 33.66625
-51.88803, 29.45068
-39.55669, 41.14988
-48.23174, 52.94379
-38.12864, 34.79564
-60.74056, 35.95151
-61.27073, 29.72572
-53.09220, 36.72808
-31.42035, 42.81361
-38.91731, 53.25886
-62.47119, 40.07095
-48.59880, 39.44149
-53.84182, 46.31962
-33.87180, 47.17425
-58.44300, 21.93616
-54.19015, 40.66223
-39.42399, 32.24187
-66.12490, 44.00655
-60.58495, 40.76046
-61.39726, 47.02453
-57.09845, 31.35434
-65.04084, 25.46568
-31.61693, 54.41596
-62.69123, 34.02214
-38.32200, 45.49910
-34.41386, 63.96502
-48.71569, 46.72856
-34.56929, 55.67222
-28.39675, 48.69740
-53.08043, 24.21925
-58.95707, 36.79280
-32.66214, 41.40107
-40.52091, 41.49723
-43.12025, 36.32950
-65.44681, 33.99072
-61.26106, 43.19685
-51.04140, 26.85777
-64.44205, 32.39153
-55.90020, 41.15073
-60.46576, 29.07806
-39.43585, 40.95125
-30.74849, 49.85974
-40.45181, 73.18177
-33.70600, 50.69093
-61.73818, 27.16464
-59.70759, 28.39734
-56.73814, 46.00788
-61.49023, 36.78008
-50.02011, 32.75997
-36.90738, 57.42950
-33.65828, 50.77234
-33.11677, 45.42021
-54.56256, 39.26615
-55.58154, 68.49580
-45.36335, 39.17649
-23.13015, 47.12126
-55.99178, 32.59053
-71.76392, 30.70788
-43.95142, 37.93305
-59.10800, 27.73076
-53.63827, 61.11356
-41.21400, 41.13589
-37.84542, 51.91837
-50.20155, 48.43408
-73.19238, 40.91401
-38.46903, 61.21312
-38.78718, 29.19521
-54.02706, 36.87226
-45.10861, 62.30009
-64.63379, 33.57201
-41.48872, 66.95914
-34.48931, 59.39215
-60.51913, 36.96024
-60.42400, 39.94044
-37.65696, 45.32304
-49.35492, 36.89341
-52.09959, 41.56199
-60.70006, 36.96014
-48.47226, 50.54021
-47.50269, 27.46438
-64.38202, 24.62571
-26.92560, 65.84054
-53.66150, 29.88265
-55.92690, 26.34658
-51.02878, 36.19489
-50.49281, 54.13239
-33.24205, 61.92469
-72.65977, 51.53052
-60.71356, 34.52878
-47.56839, 61.02600
-56.36331, 23.30215
-28.09959, 57.01580
-41.88018, 35.32458
-63.38445, 34.07331
-49.35349, 35.04214
-55.13841, 29.21243
-37.34264, 62.57137
-52.29375, 40.44647
-34.90531, 64.71687
-41.62289, 84.69173
-53.08276, 24.03851
-52.88398, 35.12991
-27.27336, 63.13001
-55.70165, 42.36852
-54.24370, 26.94522
-47.94101, 52.44724
-54.85867, 38.06576
-53.13776, 35.65915
-52.79475, 46.25270
-31.69710, 49.08645
-53.30965, 35.22082
-36.09630, 54.72200
-59.13364, 35.06594
-38.00866, 27.86700
-48.84589, 29.15953
-55.65400, 40.78194
-73.40518, 40.47198
-53.92082, 34.79447
-56.66893, 31.22146
-26.39804, 59.83188
-30.98097, 42.52298
-31.20369, 49.01904
-41.54369, 34.37820
-35.26473, 66.29923
-57.88203, 37.71346
-53.64439, 44.06002
-58.21688, 34.73395
-48.47763, 55.43666
-51.59492, 28.75671
-60.38223, 37.25876
-44.31912, 41.03489
-61.62729, 48.12026
-26.02858, 57.09671
-61.23538, 30.39559
-41.47923, 36.80817
-32.72662, 52.97927
-50.54520, 42.28179
-47.08261, 44.84895
-58.75013, 39.41326
-27.39463, 67.26557
-41.63856, 43.78275
-27.27504, 65.57146
-36.10379, 43.57963
-45.48048, 32.91830
-68.18722, 47.63195
-63.13488, 42.94205
-33.11795, 52.51784
-56.38692, 53.89259
-36.06717, 52.93967
-30.99394, 63.84084
-60.08453, 42.77836
-62.95518, 29.02887
-63.81712, 26.40697
-45.62417, 39.82572
-49.40410, 32.67323
-55.50523, 43.79161
-43.50042, 41.68908
-64.51260, 38.20063
-65.40429, 42.60062
-34.04684, 62.82441
-56.09187, 48.07040
-36.51643, 48.77812
-72.17896, 35.37049
-34.09552, 62.72159
-62.81921, 35.49117
-36.57338, 49.81990
-38.39193, 64.71012
-51.08826, 47.08926
-51.54852, 44.44095
-51.02711, 34.81879
-62.08483, 35.55141
-52.81673, 34.65733
-49.93841, 44.81752
-63.59470, 28.60923
-54.93659, 51.12521
-63.24663, 35.57840
-50.73103, 33.10254
-68.81651, 34.22408
-33.94306, 47.14874
-66.75332, 33.36184
--------------------8 layer -------------------
0.00000, 1.00000
0.00000, 1.00000
0.00000, 1.00000
0.00000, 1.00000
0.00000, 1.00000
0.00000, 1.00000
0.00000, 1.00000
0.00000, 1.00000
0.00000, 1.00000
0.00000, 1.00000
0.00000, 1.00000
0.00000, 1.00000
0.00000, 1.00000
0.00000, 1.00000
0.00000, 1.00000
0.00000, 1.00000
0.00000, 1.00000
0.00000, 1.00000
0.00000, 1.00000
0.00000, 1.00000
0.00000, 1.00000
0.00000, 1.00000
0.00000, 1.00000
0.00000, 1.00000
0.00000, 1.00000
0.00000, 1.00000
0.00000, 1.00000
0.00000, 1.00000
0.00000, 1.00000
0.00000, 1.00000
0.00000, 1.00000
0.00000, 1.00000
0.00000, 1.00000
0.00000, 1.00000
0.00000, 1.00000
0.00000, 1.00000
0.00000, 1.00000
0.00000, 1.00000
0.00000, 1.00000
0.00000, 1.00000
0.00000, 1.00000
0.00000, 1.00000
0.00000, 1.00000
0.00000, 1.00000
0.00000, 1.00000
0.00000, 1.00000
0.00000, 1.00000
0.00000, 1.00000
0.00000, 1.00000
0.00000, 1.00000
0.00000, 1.00000
0.00000, 1.00000
0.00000, 1.00000
0.00000, 1.00000
0.00000, 1.00000
0.00000, 1.00000
0.00000, 1.00000
0.00000, 1.00000
0.00000, 1.00000
0.00000, 1.00000
0.00000, 1.00000
0.00000, 1.00000
0.00000, 1.00000
0.00000, 1.00000
0.00000, 1.00000
0.00000, 1.00000
0.00000, 1.00000
0.00000, 1.00000
0.00000, 1.00000
0.00000, 1.00000
0.00000, 1.00000
0.00000, 1.00000
0.00000, 1.00000
0.00000, 1.00000
0.00000, 1.00000
0.00000, 1.00000
0.00000, 1.00000
0.00000, 1.00000
0.00000, 1.00000
0.00000, 1.00000
0.00000, 1.00000
0.00000, 1.00000
0.00000, 1.00000
0.00000, 1.00000
0.00000, 1.00000
0.00000, 1.00000
0.00000, 1.00000
0.00000, 1.00000
0.00000, 1.00000
0.00000, 1.00000
0.00000, 1.00000
0.00000, 1.00000
0.00000, 1.00000
0.00000, 1.00000
0.00000, 1.00000
0.00000, 1.00000
0.00000, 1.00000
0.00000, 1.00000
0.00000, 1.00000
0.00000, 1.00000
0.00000, 1.00000
0.00000, 1.00000
0.00000, 1.00000
0.00000, 1.00000
0.00000, 1.00000
0.00000, 1.00000
0.00000, 1.00000
0.00000, 1.00000
0.00000, 1.00000
0.00000, 1.00000
0.00000, 1.00000
0.00000, 1.00000
0.00000, 1.00000
0.00000, 1.00000
0.00000, 1.00000
0.00000, 1.00000
0.00000, 1.00000
0.00000, 1.00000
0.00000, 1.00000
0.00000, 1.00000
0.00000, 1.00000
0.00000, 1.00000
0.00000, 1.00000
0.00000, 1.00000
0.00000, 1.00000
0.00000, 1.00000
0.00000, 1.00000
0.00000, 1.00000
0.00000, 1.00000
0.00000, 1.00000
0.00000, 1.00000
0.00000, 1.00000
0.00000, 1.00000
0.00000, 1.00000
0.00000, 1.00000
0.00000, 1.00000
0.00000, 1.00000
0.00000, 1.00000
0.00000, 1.00000
0.00000, 1.00000
0.00000, 1.00000
0.00000, 1.00000
0.00000, 1.00000
0.00000, 1.00000
0.00000, 1.00000
0.00000, 1.00000
0.00000, 1.00000
0.00000, 1.00000
0.00000, 1.00000
0.00000, 1.00000
0.00000, 1.00000
0.00000, 1.00000
0.00000, 1.00000
0.00000, 1.00000
0.00000, 1.00000
0.00000, 1.00000
0.00000, 1.00000
0.00000, 1.00000
0.00000, 1.00000
0.00000, 1.00000
0.00000, 1.00000
0.00000, 1.00000
0.00000, 1.00000
0.00000, 1.00000
0.00000, 1.00000
0.00000, 1.00000
0.00000, 1.00000
0.00000, 1.00000
0.00000, 1.00000
0.00000, 1.00000
0.00000, 1.00000
0.00000, 1.00000
0.00000, 1.00000
0.00000, 1.00000
0.00000, 1.00000
0.00000, 1.00000
0.00000, 1.00000
0.00000, 1.00000
0.00000, 1.00000
0.00000, 1.00000
0.00000, 1.00000
0.00000, 1.00000
0.00000, 1.00000
0.00000, 1.00000
0.00000, 1.00000
0.00000, 1.00000
0.00000, 1.00000
0.00000, 1.00000
0.00000, 1.00000
0.00000, 1.00000
0.00000, 1.00000
0.00000, 1.00000
0.00000, 1.00000
0.00000, 1.00000
0.00000, 1.00000
0.00000, 1.00000
0.00000, 1.00000
0.00000, 1.00000
0.00000, 1.00000
0.00000, 1.00000
--------------------9 layer -------------------
-63.83051, 26.72945
-47.38964, 40.30804
-73.24935, 47.39864
-43.99339, 46.40678
-57.43114, 57.36405
-37.67566, 75.32187
-68.62403, 33.65916
-50.94431, 33.58825
-55.66283, 30.38757
-73.71346, 42.20156
-71.00919, 31.99501
-75.01395, 32.13657
-56.42141, 35.25993
-55.97656, 38.40688
-78.86665, 41.66693
-51.19629, 45.26060
-51.07821, 28.76100
-79.97717, 35.18062
-61.67785, 40.12458
-45.22433, 34.27840
-58.49835, 46.63647
-50.16913, 34.51030
-60.99331, 48.08463
-76.27609, 27.19361
-60.40193, 44.35726
-30.02918, 48.92857
-60.52518, 45.64121
-54.56108, 68.96274
-50.72927, 52.56053
-34.75680, 56.74223
-54.69217, 54.45905
-51.57190, 26.68153
-47.15947, 42.26130
-39.48685, 41.64670
-69.64877, 37.41176
-66.36489, 44.28821
-50.04209, 23.59483
-57.34033, 46.47784
-48.59206, 44.69956
-38.56578, 40.57809
-76.95248, 35.09251
-49.85159, 33.10470
-68.61782, 30.22722
-61.15683, 64.15767
-55.63550, 42.11731
-59.59156, 24.43215
-47.46151, 44.30235
-44.28307, 42.40866
-39.12085, 59.38610
-66.36019, 56.26809
-60.14165, 36.43302
-71.25928, 46.75866
-28.10624, 66.41605
-62.24504, 47.04087
-84.76434, 43.35776
-41.95667, 44.49247
-59.79892, 52.14104
-60.27716, 27.75844
-29.65585, 52.62815
-101.91412, 56.82729
-34.95459, 74.29350
-48.49979, 28.61382
-70.66660, 27.29124
-41.04370, 51.34093
-58.14346, 46.93401
-47.07584, 21.54763
-44.86292, 38.26440
-93.30582, 40.16184
-33.22564, 56.14632
-41.08331, 40.56212
-50.05418, 35.47440
-43.48958, 31.84472
-55.27095, 31.11991
-43.12886, 65.39013
-59.34381, 32.13010
-53.53171, 32.99000
-63.80507, 50.57064
-68.37008, 52.94613
-85.35167, 24.00996
-64.62308, 40.57299
-51.80698, 42.34266
-79.82993, 29.64496
-76.14259, 26.28567
-70.99936, 27.46738
-67.33583, 28.93465
-69.96103, 53.66192
-72.16523, 42.84509
-52.76183, 55.94027
-81.15303, 35.52700
-45.11240, 50.53017
-87.21220, 33.37312
-73.80469, 30.36733
-53.92249, 40.15493
-53.10411, 36.53926
-40.20463, 58.31350
-59.59553, 18.81199
-47.46806, 38.87811
-41.00483, 24.25644
-71.90453, 52.36304
-54.13071, 33.38314
-67.55650, 35.81218
-40.89235, 36.69717
-79.72269, 38.69213
-33.73482, 53.96601
-43.87341, 47.53712
-79.40887, 43.39373
-81.38764, 36.01440
-65.97313, 41.96796
-62.81040, 32.88612
-66.73763, 63.79266
-28.90610, 60.93058
-43.47725, 22.93380
-43.80849, 54.14458
-24.57652, 58.36048
-35.84711, 40.95994
-58.96247, 53.17278
-62.15612, 26.93469
-57.82658, 40.93073
-47.07001, 27.33358
-46.28946, 32.52715
-69.83080, 31.35599
-63.85795, 47.10564
-55.11056, 39.06622
-76.30647, 41.10933
-47.70819, 22.37092
-72.99786, 32.35271
-52.82965, 36.18277
-50.69828, 34.54430
-37.76020, 45.21446
-43.67125, 39.52236
-72.08994, 47.81147
-78.02023, 34.13711
-77.52944, 31.14586
-50.22326, 20.26396
-54.55450, 42.10740
-39.86958, 29.61118
-65.55543, 36.88264
-42.11010, 64.96523
-58.82820, 23.38202
-76.08272, 23.79272
-36.81996, 30.82956
-62.50116, 51.89801
-50.93385, 34.15190
-49.39403, 41.73945
-34.56379, 60.18412
-48.17880, 50.20185
-63.32619, 53.13280
-31.76410, 54.47989
-47.96585, 40.77729
-74.05663, 49.04826
-69.94996, 27.38334
-47.96226, 37.95199
-66.51677, 27.54924
-52.76276, 33.82866
-43.37838, 40.66393
-61.46752, 46.88872
-72.87576, 30.99337
-35.55600, 56.67219
-37.82977, 57.57354
-38.38144, 53.00126
-51.30790, 50.28998
-32.22761, 60.45319
-48.70374, 46.08148
-52.28043, 29.80808
-90.74315, 40.36494
-58.37767, 50.47298
-56.50094, 42.99339
-76.78905, 41.52768
-45.63581, 33.23226
-54.69239, 39.10091
-46.71230, 36.62101
-43.16668, 43.33786
-46.13748, 31.03094
-56.53392, 45.70604
-35.69059, 45.54239
-66.69331, 38.13691
-68.17114, 36.85148
-61.04913, 33.68851
-75.79507, 19.79290
-58.79903, 41.23745
-45.60811, 35.04387
-48.18084, 29.22050
-61.58298, 46.54572
-79.89524, 43.85995
-21.70223, 63.43787
-43.80172, 63.40647
-39.38559, 38.94480
-40.19185, 67.98499
-67.71456, 59.38181
-46.27176, 21.51359
-60.71096, 50.88083
-50.13629, 49.76086
-68.71751, 42.81678
-49.25121, 45.71401
-74.50857, 45.31847
-45.27816, 38.78101
-50.79359, 34.54268
-42.71560, 30.66917
-39.29988, 48.73008
-72.46595, 37.55165
--------------------10 layer -------------------
0.00000, 1.00000
0.00000, 1.00000
0.00000, 1.00000
0.00000, 1.00000
0.00000, 1.00000
0.00000, 1.00000
0.00000, 1.00000
0.00000, 1.00000
0.00000, 1.00000
0.00000, 1.00000
0.00000, 1.00000
0.00000, 1.00000
0.00000, 1.00000
0.00000, 1.00000
0.00000, 1.00000
0.00000, 1.00000
0.00000, 1.00000
0.00000, 1.00000
0.00000, 1.00000
0.00000, 1.00000
0.00000, 1.00000
0.00000, 1.00000
0.00000, 1.00000
0.00000, 1.00000
0.00000, 1.00000
0.00000, 1.00000
0.00000, 1.00000
0.00000, 1.00000
0.00000, 1.00000
0.00000, 1.00000
0.00000, 1.00000
0.00000, 1.00000
0.00000, 1.00000
0.00000, 1.00000
0.00000, 1.00000
0.00000, 1.00000
0.00000, 1.00000
0.00000, 1.00000
0.00000, 1.00000
0.00000, 1.00000
0.00000, 1.00000
0.00000, 1.00000
0.00000, 1.00000
0.00000, 1.00000
0.00000, 1.00000
0.00000, 1.00000
0.00000, 1.00000
0.00000, 1.00000
0.00000, 1.00000
0.00000, 1.00000
0.00000, 1.00000
0.00000, 1.00000
0.00000, 1.00000
0.00000, 1.00000
0.00000, 1.00000
0.00000, 1.00000
0.00000, 1.00000
0.00000, 1.00000
0.00000, 1.00000
0.00000, 1.00000
0.00000, 1.00000
0.00000, 1.00000
0.00000, 1.00000
0.00000, 1.00000
0.00000, 1.00000
0.00000, 1.00000
0.00000, 1.00000
0.00000, 1.00000
0.00000, 1.00000
0.00000, 1.00000
0.00000, 1.00000
0.00000, 1.00000
0.00000, 1.00000
0.00000, 1.00000
0.00000, 1.00000
0.00000, 1.00000
0.00000, 1.00000
0.00000, 1.00000
0.00000, 1.00000
0.00000, 1.00000
0.00000, 1.00000
0.00000, 1.00000
0.00000, 1.00000
0.00000, 1.00000
0.00000, 1.00000
0.00000, 1.00000
0.00000, 1.00000
0.00000, 1.00000
0.00000, 1.00000
0.00000, 1.00000
0.00000, 1.00000
0.00000, 1.00000
0.00000, 1.00000
0.00000, 1.00000
0.00000, 1.00000
0.00000, 1.00000
0.00000, 1.00000
0.00000, 1.00000
0.00000, 1.00000
0.00000, 1.00000
0.00000, 1.00000
0.00000, 1.00000
0.00000, 1.00000
0.00000, 1.00000
0.00000, 1.00000
0.00000, 1.00000
0.00000, 1.00000
0.00000, 1.00000
0.00000, 1.00000
0.00000, 1.00000
0.00000, 1.00000
0.00000, 1.00000
0.00000, 1.00000
0.00000, 1.00000
0.00000, 1.00000
0.00000, 1.00000
0.00000, 1.00000
0.00000, 1.00000
0.00000, 1.00000
0.00000, 1.00000
0.00000, 1.00000
0.00000, 1.00000
0.00000, 1.00000
0.00000, 1.00000
0.00000, 1.00000
0.00000, 1.00000
0.00000, 1.00000
0.00000, 1.00000
0.00000, 1.00000
0.00000, 1.00000
0.00000, 1.00000
0.00000, 1.00000
0.00000, 1.00000
0.00000, 1.00000
0.00000, 1.00000
0.00000, 1.00000
0.00000, 1.00000
0.00000, 1.00000
0.00000, 1.00000
0.00000, 1.00000
0.00000, 1.00000
0.00000, 1.00000
0.00000, 1.00000
0.00000, 1.00000
0.00000, 1.00000
0.00000, 1.00000
0.00000, 1.00000
0.00000, 1.00000
0.00000, 1.00000
0.00000, 1.00000
0.00000, 1.00000
0.00000, 1.00000
0.00000, 1.00000
0.00000, 1.00000
0.00000, 1.00000
0.00000, 1.00000
0.00000, 1.00000
0.00000, 1.00000
0.00000, 1.00000
0.00000, 1.00000
0.00000, 1.00000
0.00000, 1.00000
0.00000, 1.00000
0.00000, 1.00000
0.00000, 1.00000
0.00000, 1.00000
0.00000, 1.00000
0.00000, 1.00000
0.00000, 1.00000
0.00000, 1.00000
0.00000, 1.00000
0.00000, 1.00000
0.00000, 1.00000
0.00000, 1.00000
0.00000, 1.00000
0.00000, 1.00000
0.00000, 1.00000
0.00000, 1.00000
0.00000, 1.00000
0.00000, 1.00000
0.00000, 1.00000
0.00000, 1.00000
0.00000, 1.00000
0.00000, 1.00000
0.00000, 1.00000
0.00000, 1.00000
0.00000, 1.00000
0.00000, 1.00000
0.00000, 1.00000
0.00000, 1.00000
0.00000, 1.00000
0.00000, 1.00000
0.00000, 1.00000
0.00000, 1.00000
0.00000, 1.00000
0.00000, 1.00000
0.00000, 1.00000
0.00000, 1.00000
0.00000, 1.00000
0.00000, 1.00000
--------------------11 layer -------------------
-58.06292, 27.77347
-45.32984, 34.70150
-62.33388, 41.10656
-69.45458, 47.29218
-57.72840, 51.55602
-58.14165, 28.78121
-58.73132, 35.40890
-58.78966, 60.26360
-54.25236, 55.10107
-60.96501, 32.81160
-73.83422, 51.67629
-74.39043, 44.58921
-94.42533, 61.95474
-61.31998, 23.78466
-102.06615, 86.97169
-82.60600, 57.36789
-50.83208, 59.72260
-48.80967, 21.31086
-58.69233, 37.92060
-72.92039, 61.02400
-67.27257, 36.97282
-42.18393, 40.13318
-58.45485, 42.20050
-55.56271, 40.86839
-62.06643, 49.62305
-77.67746, 61.15479
-67.26209, 36.60526
-57.67959, 25.50578
-67.33572, 39.44062
-56.57999, 44.10600
-48.46777, 40.78720
-73.02950, 31.90601
-87.99374, 80.64492
-57.99937, 53.80776
-64.51204, 51.03167
-47.23017, 37.56438
-59.62627, 54.12070
-63.69100, 41.99688
-44.79805, 46.55583
-62.23801, 32.62334
-77.65453, 87.62734
-48.76822, 39.11527
-63.56245, 59.26957
-74.06683, 66.56681
-70.82756, 50.74071
-78.63356, 55.64215
-50.69744, 33.61679
-112.19420, 131.07549
-94.84621, 69.03762
-75.61727, 62.34561
-69.41545, 46.41684
-60.35020, 36.28530
-61.53092, 45.96218
-40.14513, 56.14204
-60.73947, 45.90063
-93.00176, 58.00063
-80.57622, 44.33273
-59.30456, 55.68594
-70.10752, 41.14432
-54.45346, 46.32318
-89.42316, 79.43248
-62.22802, 38.02598
-67.49754, 42.72166
-72.69069, 37.50624
-61.67617, 35.41956
-60.18502, 42.79309
-65.46893, 51.67901
-80.93482, 63.39550
-66.84258, 78.11294
-67.38261, 41.51035
-55.45569, 37.77869
-60.56093, 48.65047
-62.19428, 45.93971
-65.41649, 38.68402
-81.66853, 106.26877
-70.05846, 54.57413
-51.21353, 65.08810
-44.20335, 49.07374
-60.72622, 38.79951
-68.31109, 35.88239
-53.30450, 35.05599
-72.32162, 82.40655
-46.02897, 29.87658
-54.02159, 34.62641
-60.04515, 45.63569
-63.59652, 61.21877
-62.81942, 54.81095
-55.85047, 37.99176
-71.58649, 32.27097
-65.57225, 65.17957
-82.08844, 65.56567
-55.46609, 54.04802
-58.63768, 48.68068
-68.86580, 32.17857
-50.21555, 41.17932
-41.03427, 53.12949
-58.01613, 42.75710
-65.17066, 70.21262
-65.42819, 50.03749
-59.68932, 82.34764
-64.25386, 74.93037
-57.77790, 35.31897
-71.42332, 68.19808
-58.89638, 60.76064
-63.02177, 31.69278
-73.64549, 57.37495
-69.00931, 55.70162
-74.16315, 55.58382
-66.70210, 52.98201
-63.01246, 52.40630
-55.64943, 29.39880
-64.13402, 45.48004
-72.71577, 60.16699
-38.96062, 40.06130
-76.09045, 52.86185
-48.17439, 42.72798
-64.28465, 58.37232
-77.93677, 60.34248
-42.21446, 15.25678
-78.05032, 77.60744
-71.37442, 50.53252
-74.25742, 42.56321
-65.34851, 70.25405
-87.82838, 51.11697
-43.26657, 54.88609
-72.42973, 67.69246
-57.73250, 41.45197
-72.22443, 43.40390
-52.20754, 19.38817
-60.73333, 41.46329
-76.91058, 51.09040
-88.12151, 58.54076
-52.66648, 47.01884
-50.38631, 45.47843
-44.94540, 58.75695
-58.89936, 43.76324
-59.78471, 38.66875
-69.89947, 70.81939
-78.84391, 66.52668
-72.07378, 53.98684
-72.25980, 55.10695
-65.42442, 55.72631
-72.51453, 47.74418
-59.18107, 44.84315
-66.31692, 64.81361
-73.79028, 80.88194
-58.96930, 48.24965
-70.57962, 38.62324
-64.66913, 54.29169
-43.21023, 47.54965
-46.99531, 18.20792
-66.15833, 30.89035
-59.32832, 52.23388
-61.52739, 52.32647
-53.19872, 52.08922
-51.24497, 40.49911
-73.26871, 47.75120
-53.75640, 34.10623
-77.57510, 65.51166
-68.80901, 50.50844
-54.36503, 35.18031
-61.96441, 45.45679
-44.92674, 50.51533
-54.82464, 36.76532
-77.33958, 60.97295
-63.97984, 37.53539
-68.42646, 46.73771
-76.61201, 84.03881
-64.01504, 53.85174
-50.75062, 42.06301
-60.68135, 38.41560
-72.63738, 61.42993
-60.71633, 41.42268
-58.09771, 38.54945
-79.54772, 93.68922
-69.75925, 70.53548
-67.53210, 54.98357
-63.72068, 45.16943
-89.40282, 64.35633
-76.74587, 45.10961
-56.39729, 45.43503
-71.51633, 41.59344
-47.70842, 39.42529
-71.32016, 49.30570
-67.33315, 46.99888
-43.25231, 51.13055
-110.51848, 127.46899
-49.49730, 24.17774
-54.78455, 44.07024
-100.33894, 94.89433
-42.56944, 35.18146
-53.22803, 46.54211
-75.98689, 55.20942
-59.02325, 27.80617
-53.87188, 59.72748
-59.61533, 47.62466
-53.49318, 44.69151
-64.07179, 44.42000
-77.96493, 49.43656
-69.15076, 44.50661
--------------------12 layer -------------------
0.00000, 1.00000
0.00000, 1.00000
0.00000, 1.00000
0.00000, 1.00000
0.00000, 1.00000
0.00000, 1.00000
0.00000, 1.00000
0.00000, 1.00000
0.00000, 1.00000
0.00000, 1.00000
0.00000, 1.00000
0.00000, 1.00000
0.00000, 1.00000
0.00000, 1.00000
0.00000, 1.00000
0.00000, 1.00000
0.00000, 1.00000
0.00000, 1.00000
0.00000, 1.00000
0.00000, 1.00000
0.00000, 1.00000
0.00000, 1.00000
0.00000, 1.00000
0.00000, 1.00000
0.00000, 1.00000
0.00000, 1.00000
0.00000, 1.00000
0.00000, 1.00000
0.00000, 1.00000
0.00000, 1.00000
0.00000, 1.00000
0.00000, 1.00000
0.00000, 1.00000
0.00000, 1.00000
0.00000, 1.00000
0.00000, 1.00000
0.00000, 1.00000
0.00000, 1.00000
0.00000, 1.00000
0.00000, 1.00000
0.00000, 1.00000
0.00000, 1.00000
0.00000, 1.00000
0.00000, 1.00000
0.00000, 1.00000
0.00000, 1.00000
0.00000, 1.00000
0.00000, 1.00000
0.00000, 1.00000
0.00000, 1.00000
0.00000, 1.00000
0.00000, 1.00000
0.00000, 1.00000
0.00000, 1.00000
0.00000, 1.00000
0.00000, 1.00000
0.00000, 1.00000
0.00000, 1.00000
0.00000, 1.00000
0.00000, 1.00000
0.00000, 1.00000
0.00000, 1.00000
0.00000, 1.00000
0.00000, 1.00000
0.00000, 1.00000
0.00000, 1.00000
0.00000, 1.00000
0.00000, 1.00000
0.00000, 1.00000
0.00000, 1.00000
0.00000, 1.00000
0.00000, 1.00000
0.00000, 1.00000
0.00000, 1.00000
0.00000, 1.00000
0.00000, 1.00000
0.00000, 1.00000
0.00000, 1.00000
0.00000, 1.00000
0.00000, 1.00000
0.00000, 1.00000
0.00000, 1.00000
0.00000, 1.00000
0.00000, 1.00000
0.00000, 1.00000
0.00000, 1.00000
0.00000, 1.00000
0.00000, 1.00000
0.00000, 1.00000
0.00000, 1.00000
0.00000, 1.00000
0.00000, 1.00000
0.00000, 1.00000
0.00000, 1.00000
0.00000, 1.00000
0.00000, 1.00000
0.00000, 1.00000
0.00000, 1.00000
0.00000, 1.00000
0.00000, 1.00000
0.00000, 1.00000
0.00000, 1.00000
0.00000, 1.00000
0.00000, 1.00000
0.00000, 1.00000
0.00000, 1.00000
0.00000, 1.00000
0.00000, 1.00000
0.00000, 1.00000
0.00000, 1.00000
0.00000, 1.00000
0.00000, 1.00000
0.00000, 1.00000
0.00000, 1.00000
0.00000, 1.00000
0.00000, 1.00000
0.00000, 1.00000
0.00000, 1.00000
0.00000, 1.00000
0.00000, 1.00000
0.00000, 1.00000
0.00000, 1.00000
0.00000, 1.00000
0.00000, 1.00000
0.00000, 1.00000
0.00000, 1.00000
0.00000, 1.00000
0.00000, 1.00000
0.00000, 1.00000
0.00000, 1.00000
0.00000, 1.00000
0.00000, 1.00000
0.00000, 1.00000
0.00000, 1.00000
0.00000, 1.00000
0.00000, 1.00000
0.00000, 1.00000
0.00000, 1.00000
0.00000, 1.00000
0.00000, 1.00000
0.00000, 1.00000
0.00000, 1.00000
0.00000, 1.00000
0.00000, 1.00000
0.00000, 1.00000
0.00000, 1.00000
0.00000, 1.00000
0.00000, 1.00000
0.00000, 1.00000
0.00000, 1.00000
0.00000, 1.00000
0.00000, 1.00000
0.00000, 1.00000
0.00000, 1.00000
0.00000, 1.00000
0.00000, 1.00000
0.00000, 1.00000
0.00000, 1.00000
0.00000, 1.00000
0.00000, 1.00000
0.00000, 1.00000
0.00000, 1.00000
0.00000, 1.00000
0.00000, 1.00000
0.00000, 1.00000
0.00000, 1.00000
0.00000, 1.00000
0.00000, 1.00000
0.00000, 1.00000
0.00000, 1.00000
0.00000, 1.00000
0.00000, 1.00000
0.00000, 1.00000
0.00000, 1.00000
0.00000, 1.00000
0.00000, 1.00000
0.00000, 1.00000
0.00000, 1.00000
0.00000, 1.00000
0.00000, 1.00000
0.00000, 1.00000
0.00000, 1.00000
0.00000, 1.00000
0.00000, 1.00000
0.00000, 1.00000
0.00000, 1.00000
0.00000, 1.00000
0.00000, 1.00000
0.00000, 1.00000
0.00000, 1.00000
0.00000, 1.00000
0.00000, 1.00000
0.00000, 1.00000
0.00000, 1.00000
0.00000, 1.00000
0.00000, 1.00000
0.00000, 1.00000
0.00000, 1.00000
0.00000, 1.00000
0.00000, 1.00000
--------------------13 layer -------------------
-78.58681, 29.66267
-153.75974, 97.07647
-117.33912, 63.94078
-162.15514, 100.35388
-60.46783, 31.14884
-89.61575, 46.33079
-62.73587, 36.27724
-134.86288, 86.81628
-127.48021, 70.61420
-68.45577, 33.89381
[L0] VeriNet             -sigmoid, 	 total_images=1, 	 avg=0.00000, 	 std=0.00000, 	 avg_runtime=1.87
generat middle interval finished!!!
