==========================================================================================================================================================================================================================================================
Table 1: 

Model                                                             	 DeepCert 	 VeriNet 	 Rob.Ver.
----------------------------------------------------------------------------------------------------------------------------------------------------------------------------------------------------------------------------------------------------------
mnist_ffnn_3x50.h5                                                	 0.0076 	 0.0077 	 0.0065
mnist_ffnn_3x100.h5                                               	 0.0086 	 0.0087 	 0.0074
mnist_ffnn_3x200.h5                                               	 0.0091 	 0.0091 	 0.0079
mnist_ffnn_5x100.h5                                               	 0.0061 	 0.0062 	 0.0052
ffnnSIGMOID__Point_6_500.h5                                       	 0.0778 	 0.0776 	 0.0665
mnist_cnn_3layer_2_3.h5                                           	 0.0579 	 0.0580 	 0.0568
mnist_cnn_3layer_4_3.h5                                           	 0.0472 	 0.0471 	 0.0464
mnist_cnn_4layer_5_3_sigmoid                                      	 0.0539 	 0.0542 	 0.0522
mnist_cnn_5layer_5_3.h5                                           	 0.0548 	 0.0550 	 0.0512
mnist_cnn_6layer_5_3.h5                                           	 0.0590 	 0.0588 	 0.0541
mnist_cnn_8layer_5_3_sigmoid                                      	 0.0878 	 0.0882 	 0.0685
----------------------------------------------------------------------------------------------------------------------------------------------------------------------------------------------------------------------------------------------------------
fashion_mnist_ffnn_3x50.h5                                        	 0.0101 	 0.0102 	 0.0086
fashion_mnist_ffnn_5x100.h5                                       	 0.0078 	 0.0079 	 0.0066
fashion_mnist_cnn_4layer_5_3.h5                                   	 0.0720 	 0.0720 	 0.0666
fashion_mnist_cnn_5layer_5_3.h5                                   	 0.0676 	 0.0676 	 0.0605
fashion_mnist_cnn_6layer_5_3.h5                                   	 0.0695 	 0.0691 	 0.0626
----------------------------------------------------------------------------------------------------------------------------------------------------------------------------------------------------------------------------------------------------------
cifar10_ffnn_3x50.h5                                              	 0.0045 	 0.0045 	 0.0042
cifar10_ffnn_5x100.h5                                             	 0.0037 	 0.0037 	 0.0033
cifar10_cnn_3layer_2_3.h5                                         	 0.0312 	 0.0312 	 0.0311
cifar10_cnn_6layer_5_3.h5                                         	 0.0224 	 0.0223 	 0.0213
==========================================================================================================================================================================================================================================================

 
 

==========================================================================================================================================================================================================================================================
Table 2: 

Model                                                             	 NW_aver 	 DC_aver 	 Impr.(%) 	 VN_aver 	 Impr.(%) 	 RV_aver 	 Impr.(%) 	 NW_std 	 DC_std 	 Impr.(%) 	 VN_std 	 Impr.(%) 	 RV_std 	 Impr.(%) 	    Time(s)
----------------------------------------------------------------------------------------------------------------------------------------------------------------------------------------------------------------------------------------------------------
mnist_ffnn_5x100_with_positive_weights_8858.h5                    	 0.0091 	 0.0071 	  28.15 	 0.0071 	  27.25 	 0.0064 	  40.68 	 0.0057 	 0.0042 	  37.11 	 0.0042 	  35.48 	 0.0034 	  68.34 	   4.34 0.03
mnist_ffnn_3x700_with_positive_weights_9537.h5                    	 0.0037 	 0.0030 	  24.92 	 0.0030 	  22.85 	 0.0029 	  26.62 	 0.0018 	 0.0013 	  41.86 	 0.0014 	  34.56 	 0.0013 	  40.77 	 117.19 0.15
mnist_cnn_6layer_5_3_with_positive_weights.h5                     	 0.0968 	 0.0788 	  22.82 	 0.0778 	  24.37 	 0.0699 	  38.48 	 0.0372 	 0.0280 	  32.92 	 0.0276 	  35.09 	 0.0212 	  75.70 	   5.70 0.42
mnist_ffnn_3x50_with_positive_weights_9118.h5                     	 0.0105 	 0.0088 	  19.23 	 0.0088 	  19.50 	 0.0080 	  31.42 	 0.0051 	 0.0038 	  32.72 	 0.0038 	  32.72 	 0.0029 	  71.86 	   0.14 0.00
mnist_ffnn_3x100_with_positive_weights_9162.h5                    	 0.0139 	 0.0120 	  15.46 	 0.0120 	  15.56 	 0.0111 	  25.47 	 0.0071 	 0.0057 	  24.82 	 0.0057 	  23.30 	 0.0046 	  53.13 	   2.13 0.01
mnist_cnn_5layer_5_3_with_positive_weights.h5                     	 0.0801 	 0.0708 	  13.14 	 0.0704 	  13.75 	 0.0683 	  17.32 	 0.0238 	 0.0200 	  18.87 	 0.0198 	  20.50 	 0.0180 	  32.35 	   2.89 0.31
mnist_cnn_3layer_2_3_with_positive_weights_9120.h5                	 0.0521 	 0.0483 	   7.82 	 0.0483 	   7.94 	 0.0478 	   8.88 	 0.0180 	 0.0161 	  12.13 	 0.0160 	  12.41 	 0.0156 	  15.44 	   0.17 0.04
mnist_cnn_4layer_5_3_with_positive_weights_8563.h5                	 0.0505 	 0.0473 	   6.68 	 0.0471 	   7.26 	 0.0464 	   8.81 	 0.0207 	 0.0186 	  11.26 	 0.0183 	  12.84 	 0.0175 	  17.80 	   1.18 0.20
mnist_cnn_3layer_4_3_with_positive_weights_9151.h5                	 0.0448 	 0.0422 	   6.09 	 0.0421 	   6.24 	 0.0418 	   6.98 	 0.0156 	 0.0142 	   9.71 	 0.0141 	  10.18 	 0.0138 	  12.56 	   0.30 0.08
----------------------------------------------------------------------------------------------------------------------------------------------------------------------------------------------------------------------------------------------------------
fashion_mnist_ffnn_4x100_with_positive_weights_sigmoid.h5         	 0.0312 	 0.0188 	  65.48 	 0.0194 	  60.62 	 0.0159 	  96.22 	 0.0403 	 0.0210 	  92.28 	 0.0220 	  83.20 	 0.0176 	 129.33 	   3.20 0.02
fashion_mnist_ffnn_3x100_with_positive_weights_sigmoid.h5         	 0.0326 	 0.0263 	  24.02 	 0.0270 	  21.03 	 0.0238 	  36.87 	 0.0335 	 0.0262 	  27.67 	 0.0282 	  18.92 	 0.0234 	  43.22 	   2.13 0.02
fashion_mnist_cnn_5layer_5_3_with_positive_weights_sigmoid.h5     	 0.1303 	 0.1155 	  12.81 	 0.1151 	  13.22 	 0.1088 	  19.73 	 0.0830 	 0.0714 	  16.23 	 0.0721 	  15.10 	 0.0636 	  30.53 	   2.90 0.32
fashion_mnist_cnn_3layer_2_3_with_positive_weights_sigmoid.h5     	 0.0790 	 0.0713 	  10.79 	 0.0713 	  10.74 	 0.0695 	  13.68 	 0.0497 	 0.0416 	  19.55 	 0.0418 	  19.06 	 0.0385 	  29.01 	   0.17 0.04
fashion_mnist_cnn_4layer_5_3_with_positive_weights_sigmoid.h5     	 0.0959 	 0.0868 	  10.40 	 0.0864 	  10.90 	 0.0839 	  14.19 	 0.0561 	 0.0486 	  15.51 	 0.0482 	  16.52 	 0.0453 	  24.03 	   1.19 0.21
fashion_mnist_cnn_3layer_4_3_with_positive_weights_sigmoid.h5     	 0.0747 	 0.0694 	   7.52 	 0.0693 	   7.72 	 0.0681 	   9.70 	 0.0465 	 0.0410 	  13.32 	 0.0409 	  13.59 	 0.0391 	  18.88 	   0.31 0.08
----------------------------------------------------------------------------------------------------------------------------------------------------------------------------------------------------------------------------------------------------------
cifar10_ffnn_9x100_with_positive_weights_2913_cpu.h5              	 0.0315 	 0.0211 	  49.03 	 0.0214 	  46.94 	 0.0192 	  63.84 	 0.0280 	 0.0183 	  52.70 	 0.0186 	  50.32 	 0.0132 	 111.50 	   4.99 0.03
cifar10_ffnn_6x100_with_positive_weights_3638_cpu.h5              	 0.0221 	 0.0174 	  27.08 	 0.0176 	  26.14 	 0.0170 	  30.22 	 0.0165 	 0.0118 	  40.05 	 0.0120 	  37.82 	 0.0111 	  48.38 	   3.07 0.02
cifar10_ffnn_5x100_with_positive_weights_4033_cpu.h5              	 0.0200 	 0.0167 	  19.76 	 0.0167 	  19.47 	 0.0163 	  22.47 	 0.0137 	 0.0104 	  31.80 	 0.0104 	  31.42 	 0.0099 	  38.59 	   2.46 0.00
cifar10_ffnn_3x50_with_positive_weights_4056_cpu.h5               	 0.0206 	 0.0178 	  15.43 	 0.0179 	  14.66 	 0.0176 	  16.88 	 0.0144 	 0.0113 	  27.57 	 0.0115 	  25.24 	 0.0110 	  31.30 	   0.43 0.00
cifar10_ffnn_4x100_with_positive_weights_3988_cpu.h5              	 0.0161 	 0.0140 	  15.23 	 0.0140 	  14.81 	 0.0138 	  16.56 	 0.0111 	 0.0089 	  24.61 	 0.0090 	  23.63 	 0.0087 	  27.76 	   1.85 0.01
cifar10_cnn_3layer_4_3_with_positive_weights_3597.h5              	 0.0187 	 0.0181 	   3.38 	 0.0181 	   3.32 	 0.0181 	   3.43 	 0.0109 	 0.0103 	   5.93 	 0.0103 	   5.83 	 0.0103 	   6.13 	   0.56 0.08
cifar10_cnn_3layer_2_3_with_positive_weights_3812.h5              	 0.0185 	 0.0180 	   2.49 	 0.0180 	   2.55 	 0.0180 	   2.67 	 0.0125 	 0.0120 	   4.34 	 0.0120 	   4.34 	 0.0120 	   4.60 	   0.30 0.05
==========================================================================================================================================================================================================================================================

 
 

==========================================================================================================================================================================================================================================================
Table 3: 

Model                                                             	 NW_std 	 DC_std 	 Impr.(%) 	 VN_std 	 Impr.(%) 	 RV_std 	 Impr.(%)
----------------------------------------------------------------------------------------------------------------------------------------------------------------------------------------------------------------------------------------------------------
mnist_ffnn_5x100_with_positive_weights_tanh_9573.h5               	 0.0018 	 0.0003 	 436.36 	 0.0006 	 195.00 	 0.0006 	 216.07
mnist_ffnn_3x700_with_positive_weights_tanh_9624.h5               	 0.0027 	 0.0006 	 380.70 	 0.0009 	 191.49 	 0.0009 	 191.49
mnist_ffnn_3x400_with_positive_weights_tanh_9648.h5               	 0.0018 	 0.0004 	 291.11 	 0.0008 	 128.57 	 0.0007 	 137.84
mnist_cnn_6layer_5_3_with_positive_weights_tanh_9449.h5           	 0.0243 	 0.0066 	 269.35 	 0.0131 	  85.94 	 0.0087 	 179.13
mnist_ffnn_3x50_with_positive_weights_tanh_9546.h5                	 0.0012 	 0.0007 	  67.12 	 0.0010 	  27.08 	 0.0008 	  45.24
mnist_cnn_3layer_4_3_with_positive_weights_tanh_9612.h5           	 0.0067 	 0.0040 	  64.69 	 0.0058 	  14.80 	 0.0055 	  20.83
mnist_cnn_5layer_5_3_with_positive_weights_tanh_9457.h5           	 0.0108 	 0.0069 	  56.67 	 0.0092 	  17.50 	 0.0087 	  24.54
mnist_cnn_4layer_5_3_with_positive_weights_tanh_9655.h5           	 0.0074 	 0.0050 	  49.80 	 0.0063 	  17.19 	 0.0060 	  23.63
----------------------------------------------------------------------------------------------------------------------------------------------------------------------------------------------------------------------------------------------------------
fashion_mnist_ffnn_3x100_with_positive_weights_tanh.h5            	 0.0156 	 0.0076 	 104.05 	 0.0110 	  42.04 	 0.0091 	  70.79
fashion_mnist_cnn_4layer_5_3_with_positive_weights_tanh.h5        	 0.0188 	 0.0097 	  95.03 	 0.0139 	  35.83 	 0.0129 	  45.82
fashion_mnist_cnn_6layer_5_3_with_positive_weights_tanh.h5        	 0.0329 	 0.0180 	  82.76 	 0.0242 	  35.67 	 0.0180 	  82.66
fashion_mnist_ffnn_2x100_with_positive_weights_tanh.h5            	 0.0109 	 0.0060 	  81.56 	 0.0085 	  28.59 	 0.0077 	  41.95
fashion_mnist_ffnn_2x200_with_positive_weights_tanh.h5            	 0.0102 	 0.0058 	  76.91 	 0.0080 	  27.06 	 0.0076 	  33.55
fashion_mnist_cnn_5layer_5_3_with_positive_weights_tanh.h5        	 0.0201 	 0.0117 	  71.83 	 0.0158 	  27.03 	 0.0125 	  60.69
----------------------------------------------------------------------------------------------------------------------------------------------------------------------------------------------------------------------------------------------------------
cifar10_ffnn_3x200_with_positive_weights_tanh_3581.h5             	 0.0176 	 0.0047 	 271.37 	 0.0092 	  90.91 	 0.0080 	 119.40
cifar10_ffnn_3x50_with_positive_weights_tanh_38.h5                	 0.0111 	 0.0048 	 129.96 	 0.0077 	  44.73 	 0.0071 	  56.32
cifar10_ffnn_3x100_with_positive_weights_tanh_3281.h5             	 0.0435 	 0.0227 	  91.80 	 0.0270 	  61.35 	 0.0256 	  69.66
cifar10_ffnn_3x400_with_positive_weights_tanh_2988.h5             	 0.0441 	 0.0233 	  89.15 	 0.0291 	  51.58 	 0.0253 	  74.69
cifar10_cnn_3layer_2_3_with_positive_weights_tanh_3853.h5         	 0.0106 	 0.0094 	  12.95 	 0.0102 	   4.01 	 0.0102 	   4.21
cifar10_cnn_3layer_4_3_with_positive_weights_tanh_4031.h5         	 0.0062 	 0.0058 	   7.04 	 0.0061 	   1.80 	 0.0061 	   1.96
cifar10_cnn_3layer_5_3_with_positive_weights_tanh_4159.h5         	 0.0066 	 0.0062 	   6.47 	 0.0065 	   1.86 	 0.0065 	   2.02
==========================================================================================================================================================================================================================================================

 
 

==========================================================================================================================================================================================================================================================
Table 4: 

Model                                                             	 Alg.1_std 	 DC_std 	 Impr.(%) 	 VN_std 	 Impr.(%) 	 RV_std 	 Impr.(%)
----------------------------------------------------------------------------------------------------------------------------------------------------------------------------------------------------------------------------------------------------------
mnist_cnn_as_mlp_2layer_1_5_sigmoid_local.pth                     	 0.0298 	 0.0145 	 104.96 	 0.0143 	 108.84 	 0.0137 	 117.69
mnist_cnn_as_mlp_2layer_2_5_sigmoid_local.pth                     	 0.0281 	 0.0208 	  35.03 	 0.0207 	  36.07 	 0.0187 	  50.18
mnist_cnn_as_mlp_2layer_3_5_sigmoid_local.pth                     	 0.0317 	 0.0197 	  60.98 	 0.0196 	  61.47 	 0.0176 	  80.39
mnist_cnn_as_mlp_2layer_4_5_sigmoid_local.pth                     	 0.0383 	 0.0233 	  64.36 	 0.0232 	  65.14 	 0.0210 	  82.37
mnist_cnn_as_mlp_2layer_5_3_sigmoid.pth                           	 0.0346 	 0.0182 	  90.05 	 0.0182 	  90.78 	 0.0176 	  96.96
fashion_mnist_cnn_as_mlp_2layer_1_5_sigmoid_local.pth             	 0.0541 	 0.0385 	  40.49 	 0.0386 	  40.13 	 0.0348 	  55.12
fashion_mnist_cnn_as_mlp_2layer_2_5_sigmoid_local.pth             	 0.0513 	 0.0353 	  45.18 	 0.0355 	  44.40 	 0.0311 	  64.82
fashion_mnist_cnn_as_mlp_2layer_3_5_sigmoid_local.pth             	 0.0550 	 0.0371 	  48.14 	 0.0374 	  47.07 	 0.0344 	  59.90
fashion_mnist_cnn_as_mlp_2layer_4_5_sigmoid_local.pth             	 0.0530 	 0.0366 	  44.77 	 0.0367 	  44.30 	 0.0336 	  57.42
fashion_mnist_cnn_as_mlp_2layer_5_3_sigmoid.pth                   	 0.0562 	 0.0340 	  65.43 	 0.0340 	  65.19 	 0.0312 	  79.83
----------------------------------------------------------------------------------------------------------------------------------------------------------------------------------------------------------------------------------------------------------
mnist_fnn_1x50_sigmoid_local.pth                                  	 0.0117 	 0.0082 	  42.63 	 0.0085 	  37.60 	 0.0062 	  87.43
mnist_fnn_1x100_sigmoid_local.pth                                 	 0.0100 	 0.0064 	  56.69 	 0.0066 	  50.55 	 0.0050 	 100.74
mnist_fnn_1x150_sigmoid_local.pth                                 	 0.0138 	 0.0083 	  67.39 	 0.0085 	  62.29 	 0.0064 	 115.63
mnist_fnn_1x200_sigmoid_local.pth                                 	 0.0107 	 0.0074 	  45.04 	 0.0076 	  41.97 	 0.0058 	  86.02
mnist_fnn_1x250_sigmoid_local.pth                                 	 0.0115 	 0.0075 	  53.93 	 0.0076 	  51.49 	 0.0060 	  92.09
fashion_mnist_fnn_1x50_sigmoid_local.pth                          	 0.0175 	 0.0117 	  49.41 	 0.0122 	  43.89 	 0.0089 	  96.87
fashion_mnist_fnn_1x100_sigmoid_local.pth                         	 0.0169 	 0.0119 	  41.67 	 0.0123 	  38.08 	 0.0088 	  92.87
fashion_mnist_fnn_1x150_sigmoid_local.pth                         	 0.0191 	 0.0120 	  59.18 	 0.0123 	  55.54 	 0.0090 	 112.06
fashion_mnist_fnn_1x200_sigmoid_local.pth                         	 0.0192 	 0.0129 	  48.36 	 0.0132 	  45.11 	 0.0096 	  99.67
fashion_mnist_fnn_1x250_sigmoid_local.pth                         	 0.0160 	 0.0126 	  26.75 	 0.0128 	  25.07 	 0.0096 	  67.32
==========================================================================================================================================================================================================================================================

 
 

==========================================================================================================================================================================================================================================================
Table 5: 

Model                                                             	 NW_aver 	 DC_aver 	 Impr.(%) 	 VN_aver 	 Impr.(%) 	 RV_aver 	 Impr.(%) 	 NW_std 	 DC_std 	 Impr.(%) 	 VN_std 	 Impr.(%) 	 RV_std 	 Impr.(%) 	    Time(s)
----------------------------------------------------------------------------------------------------------------------------------------------------------------------------------------------------------------------------------------------------------
mnist_cnn_3layer_2_3.h5                                           	 0.0607 	 0.0579 	   4.92 	 0.0580 	   4.67 	 0.0568 	   6.84 	 0.0219 	 0.0202 	   8.06 	 0.0204 	   7.37 	 0.0192 	  13.85 	   0.17 0.04
mnist_cnn_3layer_4_3.h5                                           	 0.0478 	 0.0472 	   1.17 	 0.0471 	   1.29 	 0.0464 	   2.95 	 0.0155 	 0.0153 	   1.11 	 0.0153 	   1.44 	 0.0146 	   5.87 	   0.30 0.08
mnist_cnn_4layer_5_3_sigmoid                                      	 0.0570 	 0.0539 	   5.64 	 0.0542 	   5.03 	 0.0522 	   9.16 	 0.0157 	 0.0145 	   8.64 	 0.0146 	   7.52 	 0.0132 	  19.36 	   1.17 0.20
mnist_cnn_5layer_5_3.h5                                           	 0.0581 	 0.0548 	   6.06 	 0.0550 	   5.63 	 0.0512 	  13.42 	 0.0157 	 0.0142 	  10.48 	 0.0144 	   8.80 	 0.0120 	  30.81 	   2.98 0.38
mnist_cnn_6layer_5_3.h5                                           	 0.0624 	 0.0590 	   5.71 	 0.0588 	   6.00 	 0.0541 	  15.27 	 0.0171 	 0.0153 	  12.03 	 0.0153 	  11.96 	 0.0123 	  39.72 	   5.70 0.46
mnist_cnn_8layer_5_3_sigmoid                                      	 0.1191 	 0.0878 	  35.58 	 0.0882 	  35.02 	 0.0685 	  73.75 	 0.0361 	 0.0248 	  45.60 	 0.0255 	  41.66 	 0.0163 	 122.22 	  15.24 0.80
fashion_mnist_cnn_4layer_5_3.h5                                   	 0.0747 	 0.0720 	   3.73 	 0.0720 	   3.79 	 0.0666 	  12.16 	 0.0413 	 0.0376 	   9.85 	 0.0378 	   9.12 	 0.0313 	  31.73 	   1.18 0.21
fashion_mnist_cnn_5layer_5_3.h5                                   	 0.0704 	 0.0676 	   4.14 	 0.0676 	   4.14 	 0.0605 	  16.45 	 0.0347 	 0.0318 	   9.03 	 0.0320 	   8.41 	 0.0244 	  41.76 	   2.99 0.41
fashion_mnist_cnn_6layer_5_3.h5                                   	 0.0735 	 0.0695 	   5.77 	 0.0691 	   6.37 	 0.0626 	  17.32 	 0.0368 	 0.0341 	   7.97 	 0.0340 	   8.35 	 0.0278 	  32.61 	   5.81 0.55
cifar10_cnn_3layer_2_3.h5                                         	 0.0314 	 0.0312 	   0.58 	 0.0312 	   0.61 	 0.0311 	   1.06 	 0.0172 	 0.0169 	   1.65 	 0.0169 	   1.84 	 0.0168 	   2.69 	   0.31 0.06
cifar10_cnn_6layer_5_3.h5                                         	 0.0229 	 0.0224 	   2.19 	 0.0223 	   2.46 	 0.0213 	   7.72 	 0.0158 	 0.0153 	   3.20 	 0.0153 	   3.20 	 0.0141 	  12.05 	  10.32 0.70
----------------------------------------------------------------------------------------------------------------------------------------------------------------------------------------------------------------------------------------------------------
mnist_ffnn_3x50.h5                                                	 0.0069 	 0.0076 	  -8.82 	 0.0077 	  -9.77 	 0.0065 	   6.62 	 0.0025 	 0.0027 	  -6.37 	 0.0028 	  -9.42 	 0.0021 	  19.05 	   0.14 0.00
mnist_ffnn_3x100.h5                                               	 0.0078 	 0.0086 	  -9.44 	 0.0087 	 -10.79 	 0.0074 	   4.58 	 0.0026 	 0.0029 	 -10.14 	 0.0029 	 -12.88 	 0.0023 	  10.30 	   2.21 0.01
mnist_ffnn_3x200.h5                                               	 0.0080 	 0.0091 	 -11.69 	 0.0091 	 -12.36 	 0.0079 	   1.01 	 0.0026 	 0.0030 	 -14.14 	 0.0031 	 -16.39 	 0.0024 	   4.94 	  11.09 0.09
mnist_ffnn_5x100.h5                                               	 0.0057 	 0.0061 	  -5.27 	 0.0062 	  -6.66 	 0.0052 	  10.79 	 0.0024 	 0.0025 	  -5.98 	 0.0026 	  -8.88 	 0.0021 	  12.38 	   4.29 0.04
ffnnSIGMOID__Point_6_500.h5                                       	 0.0685 	 0.0778 	 -11.95 	 0.0776 	 -11.73 	 0.0665 	   3.04 	 0.0186 	 0.0210 	 -11.56 	 0.0210 	 -11.69 	 0.0152 	  21.98 	 159.31 0.07
fashion_mnist_ffnn_3x50.h5                                        	 0.0092 	 0.0101 	  -9.67 	 0.0102 	 -10.29 	 0.0086 	   6.64 	 0.0035 	 0.0037 	  -6.74 	 0.0038 	  -9.90 	 0.0030 	  15.72 	   0.14 0.00
fashion_mnist_ffnn_5x100.h5                                       	 0.0071 	 0.0078 	  -8.51 	 0.0079 	 -10.01 	 0.0066 	   8.23 	 0.0036 	 0.0040 	  -8.79 	 0.0041 	 -11.68 	 0.0032 	  11.69 	   4.43 0.08
cifar10_ffnn_3x50.h5                                              	 0.0041 	 0.0045 	 -10.57 	 0.0045 	 -10.18 	 0.0042 	  -2.17 	 0.0018 	 0.0021 	 -14.90 	 0.0021 	 -14.49 	 0.0017 	   2.91 	   0.43 0.00
cifar10_ffnn_5x100.h5                                             	 0.0033 	 0.0037 	 -10.60 	 0.0037 	 -10.60 	 0.0033 	  -0.60 	 0.0014 	 0.0017 	 -15.06 	 0.0016 	 -14.55 	 0.0013 	   5.22 	   2.52 0.03
==========================================================================================================================================================================================================================================================

 
 

==========================================================================================================================================================================================================================================================
Table 6: 

Model                                                             	 NW_aver 	 DC_aver 	 Impr.(%) 	 VN_aver 	 Impr.(%) 	 RV_aver 	 Impr.(%) 	 NW_std 	 DC_std 	 Impr.(%) 	 VN_std 	 Impr.(%) 	 RV_std 	 Impr.(%) 	    Time(s)
----------------------------------------------------------------------------------------------------------------------------------------------------------------------------------------------------------------------------------------------------------
mnist_ffnn_5x100_with_positive_weights_8858.h5                    	 0.0091 	 0.0071 	  28.15 	 0.0071 	  27.25 	 0.0064 	  40.68 	 0.0057 	 0.0042 	  37.11 	 0.0042 	  35.48 	 0.0034 	  68.34 	   4.47 0.01
mnist_ffnn_3x700_with_positive_weights_9537.h5                    	 0.0037 	 0.0030 	  24.92 	 0.0030 	  22.85 	 0.0029 	  26.62 	 0.0018 	 0.0013 	  41.86 	 0.0014 	  34.56 	 0.0013 	  40.77 	 121.40 0.13
mnist_cnn_6layer_5_3_with_positive_weights.h5                     	 0.0968 	 0.0788 	  22.82 	 0.0778 	  24.37 	 0.0699 	  38.48 	 0.0372 	 0.0280 	  32.92 	 0.0276 	  35.09 	 0.0212 	  75.70 	   5.69 0.41
mnist_ffnn_3x50_with_positive_weights_9118.h5                     	 0.0105 	 0.0088 	  19.23 	 0.0088 	  19.50 	 0.0080 	  31.42 	 0.0051 	 0.0038 	  32.72 	 0.0038 	  32.72 	 0.0029 	  71.86 	   0.14 0.00
mnist_ffnn_3x100_with_positive_weights_9162.h5                    	 0.0139 	 0.0120 	  15.46 	 0.0120 	  15.56 	 0.0111 	  25.47 	 0.0071 	 0.0057 	  24.82 	 0.0057 	  23.30 	 0.0046 	  53.13 	   2.22 0.01
mnist_cnn_5layer_5_3_with_positive_weights.h5                     	 0.0801 	 0.0708 	  13.14 	 0.0704 	  13.75 	 0.0683 	  17.32 	 0.0238 	 0.0200 	  18.87 	 0.0198 	  20.50 	 0.0180 	  32.35 	   2.88 0.30
mnist_ffnn_3x200_with_positive_weights_9420.h5                    	 0.0080 	 0.0071 	  12.54 	 0.0071 	  12.85 	 0.0068 	  17.16 	 0.0046 	 0.0037 	  26.43 	 0.0037 	  25.41 	 0.0034 	  37.28 	   8.38 2.87
mnist_ffnn_3x400_with_positive_weights_9630.h5                    	 0.0061 	 0.0056 	   9.66 	 0.0056 	   9.86 	 0.0054 	  12.89 	 0.0035 	 0.0030 	  16.78 	 0.0030 	  16.39 	 0.0027 	  26.55 	  40.80 0.12
mnist_cnn_3layer_2_3_with_positive_weights_9120.h5                	 0.0521 	 0.0483 	   7.82 	 0.0483 	   7.94 	 0.0478 	   8.88 	 0.0180 	 0.0161 	  12.13 	 0.0160 	  12.41 	 0.0156 	  15.44 	   0.17 0.04
mnist_cnn_4layer_5_3_with_positive_weights_8563.h5                	 0.0505 	 0.0473 	   6.68 	 0.0471 	   7.26 	 0.0464 	   8.81 	 0.0207 	 0.0186 	  11.26 	 0.0183 	  12.84 	 0.0175 	  17.80 	   1.17 0.19
mnist_cnn_3layer_4_3_with_positive_weights_9151.h5                	 0.0448 	 0.0422 	   6.09 	 0.0421 	   6.24 	 0.0418 	   6.98 	 0.0156 	 0.0142 	   9.71 	 0.0141 	  10.18 	 0.0138 	  12.56 	   0.30 0.08
----------------------------------------------------------------------------------------------------------------------------------------------------------------------------------------------------------------------------------------------------------
fashion_mnist_ffnn_4x100_with_positive_weights_sigmoid.h5         	 0.0312 	 0.0188 	  65.48 	 0.0194 	  60.62 	 0.0159 	  96.22 	 0.0403 	 0.0210 	  92.28 	 0.0220 	  83.20 	 0.0176 	 129.33 	   3.31 0.02
fashion_mnist_ffnn_3x100_with_positive_weights_sigmoid.h5         	 0.0326 	 0.0263 	  24.02 	 0.0270 	  21.03 	 0.0238 	  36.87 	 0.0335 	 0.0262 	  27.67 	 0.0282 	  18.92 	 0.0234 	  43.22 	   2.21 0.01
fashion_mnist_ffnn_2x100_with_positive_weights_sigmoid.h5         	 0.0306 	 0.0250 	  22.49 	 0.0254 	  20.51 	 0.0230 	  33.03 	 0.0286 	 0.0211 	  36.04 	 0.0228 	  25.88 	 0.0194 	  47.76 	   1.13 0.01
fashion_mnist_ffnn_3x200_with_positive_weights_sigmoid.h5         	 0.0223 	 0.0184 	  21.80 	 0.0187 	  19.45 	 0.0170 	  31.63 	 0.0220 	 0.0159 	  38.66 	 0.0170 	  29.38 	 0.0143 	  54.42 	  11.21 0.05
fashion_mnist_ffnn_2x200_with_positive_weights_sigmoid.h5         	 0.0263 	 0.0220 	  19.52 	 0.0223 	  17.86 	 0.0204 	  28.77 	 0.0279 	 0.0200 	  39.55 	 0.0211 	  31.96 	 0.0176 	  58.76 	   5.63 0.04
fashion_mnist_cnn_5layer_5_3_with_positive_weights_sigmoid.h5     	 0.1303 	 0.1155 	  12.81 	 0.1151 	  13.22 	 0.1088 	  19.73 	 0.0830 	 0.0714 	  16.23 	 0.0721 	  15.10 	 0.0636 	  30.53 	   2.90 0.33
fashion_mnist_cnn_3layer_2_3_with_positive_weights_sigmoid.h5     	 0.0790 	 0.0713 	  10.79 	 0.0713 	  10.74 	 0.0695 	  13.68 	 0.0497 	 0.0416 	  19.55 	 0.0418 	  19.06 	 0.0385 	  29.01 	   0.17 0.04
fashion_mnist_cnn_4layer_5_3_with_positive_weights_sigmoid.h5     	 0.0959 	 0.0868 	  10.40 	 0.0864 	  10.90 	 0.0839 	  14.19 	 0.0561 	 0.0486 	  15.51 	 0.0482 	  16.52 	 0.0453 	  24.03 	   1.18 0.21
fashion_mnist_cnn_3layer_4_3_with_positive_weights_sigmoid.h5     	 0.0747 	 0.0694 	   7.52 	 0.0693 	   7.72 	 0.0681 	   9.70 	 0.0465 	 0.0410 	  13.32 	 0.0409 	  13.59 	 0.0391 	  18.88 	   0.31 0.08
----------------------------------------------------------------------------------------------------------------------------------------------------------------------------------------------------------------------------------------------------------
cifar10_ffnn_9x100_with_positive_weights_2913_cpu.h5              	 0.0315 	 0.0211 	  49.03 	 0.0214 	  46.94 	 0.0192 	  63.84 	 0.0280 	 0.0183 	  52.70 	 0.0186 	  50.32 	 0.0132 	 111.50 	   5.06 0.02
cifar10_ffnn_6x100_with_positive_weights_3638_cpu.h5              	 0.0221 	 0.0174 	  27.08 	 0.0176 	  26.14 	 0.0170 	  30.22 	 0.0165 	 0.0118 	  40.05 	 0.0120 	  37.82 	 0.0111 	  48.38 	   3.15 0.02
cifar10_ffnn_5x100_with_positive_weights_4033_cpu.h5              	 0.0200 	 0.0167 	  19.76 	 0.0167 	  19.47 	 0.0163 	  22.47 	 0.0137 	 0.0104 	  31.80 	 0.0104 	  31.42 	 0.0099 	  38.59 	   2.55 0.03
cifar10_ffnn_3x50_with_positive_weights_4056_cpu.h5               	 0.0206 	 0.0178 	  15.43 	 0.0179 	  14.66 	 0.0176 	  16.88 	 0.0144 	 0.0113 	  27.57 	 0.0115 	  25.24 	 0.0110 	  31.30 	   0.43 0.02
cifar10_ffnn_4x100_with_positive_weights_3988_cpu.h5              	 0.0161 	 0.0140 	  15.23 	 0.0140 	  14.81 	 0.0138 	  16.56 	 0.0111 	 0.0089 	  24.61 	 0.0090 	  23.63 	 0.0087 	  27.76 	   1.90 0.01
cifar10_cnn_3layer_4_3_with_positive_weights_3597.h5              	 0.0187 	 0.0181 	   3.38 	 0.0181 	   3.32 	 0.0181 	   3.43 	 0.0109 	 0.0103 	   5.93 	 0.0103 	   5.83 	 0.0103 	   6.13 	   0.56 0.07
cifar10_cnn_3layer_2_3_with_positive_weights_3812.h5              	 0.0185 	 0.0180 	   2.49 	 0.0180 	   2.55 	 0.0180 	   2.67 	 0.0125 	 0.0120 	   4.34 	 0.0120 	   4.34 	 0.0120 	   4.60 	   0.30 0.06
==========================================================================================================================================================================================================================================================

 
 

==========================================================================================================================================================================================================================================================
Table 7: 

Model                                                             	 NW_aver 	 DC_aver 	 Impr.(%) 	 VN_aver 	 Impr.(%) 	 RV_aver 	 Impr.(%) 	 NW_std 	 DC_std 	 Impr.(%) 	 VN_std 	 Impr.(%) 	 RV_std 	 Impr.(%) 	    Time(s)
----------------------------------------------------------------------------------------------------------------------------------------------------------------------------------------------------------------------------------------------------------
mnist_ffnn_5x100_with_positive_weights_tanh_9573.h5               	 0.0032 	 0.0007 	 366.18 	 0.0013 	 145.74 	 0.0010 	 207.77 	 0.0018 	 0.0003 	 436.36 	 0.0006 	 195.00 	 0.0006 	 216.07 	   4.38 0.02
mnist_ffnn_3x700_with_positive_weights_tanh_9624.h5               	 0.0044 	 0.0011 	 288.50 	 0.0018 	 141.21 	 0.0016 	 174.38 	 0.0027 	 0.0006 	 380.70 	 0.0009 	 191.49 	 0.0009 	 191.49 	 117.70 0.12
mnist_ffnn_3x400_with_positive_weights_tanh_9648.h5               	 0.0038 	 0.0012 	 222.03 	 0.0019 	  95.88 	 0.0016 	 130.30 	 0.0018 	 0.0004 	 291.11 	 0.0008 	 128.57 	 0.0007 	 137.84 	  39.48 0.28
mnist_cnn_6layer_5_3_with_positive_weights_tanh_9449.h5           	 0.0601 	 0.0226 	 166.37 	 0.0381 	  57.67 	 0.0303 	  98.61 	 0.0243 	 0.0066 	 269.35 	 0.0131 	  85.94 	 0.0087 	 179.13 	   5.70 0.30
mnist_ffnn_3x50_with_positive_weights_tanh_9546.h5                	 0.0027 	 0.0018 	  49.45 	 0.0023 	  17.24 	 0.0022 	  25.35 	 0.0012 	 0.0007 	  67.12 	 0.0010 	  27.08 	 0.0008 	  45.24 	   0.14 0.00
mnist_ffnn_3x100_with_positive_weights_tanh_9644.h5               	 0.0033 	 0.0023 	  42.74 	 0.0029 	  14.78 	 0.0027 	  21.45 	 0.0014 	 0.0009 	  56.98 	 0.0011 	  19.47 	 0.0010 	  33.66 	   2.12 0.02
mnist_ffnn_3x200_with_positive_weights_tanh_9637.h5               	 0.0031 	 0.0022 	  42.13 	 0.0027 	  14.13 	 0.0026 	  18.99 	 0.0013 	 0.0008 	  59.52 	 0.0011 	  19.64 	 0.0010 	  31.37 	  10.55 0.08
mnist_cnn_3layer_4_3_with_positive_weights_tanh_9612.h5           	 0.0234 	 0.0169 	  38.45 	 0.0213 	   9.94 	 0.0209 	  12.21 	 0.0067 	 0.0040 	  64.69 	 0.0058 	  14.80 	 0.0055 	  20.83 	   0.32 0.07
mnist_cnn_5layer_5_3_with_positive_weights_tanh_9457.h5           	 0.0329 	 0.0246 	  33.62 	 0.0296 	  10.93 	 0.0290 	  13.42 	 0.0108 	 0.0069 	  56.67 	 0.0092 	  17.50 	 0.0087 	  24.54 	   2.87 0.22
mnist_cnn_4layer_5_3_with_positive_weights_tanh_9655.h5           	 0.0272 	 0.0209 	  30.22 	 0.0244 	  11.51 	 0.0239 	  14.03 	 0.0074 	 0.0050 	  49.80 	 0.0063 	  17.19 	 0.0060 	  23.63 	   1.17 0.14
mnist_cnn_3layer_2_3_with_positive_weights_tanh_9530.h5           	 0.0327 	 0.0254 	  28.46 	 0.0294 	  11.35 	 0.0288 	  13.63 	 0.0100 	 0.0067 	  48.89 	 0.0085 	  17.33 	 0.0081 	  23.10 	   0.17 0.03
----------------------------------------------------------------------------------------------------------------------------------------------------------------------------------------------------------------------------------------------------------
fashion_mnist_ffnn_3x100_with_positive_weights_tanh.h5            	 0.0153 	 0.0085 	  80.66 	 0.0117 	  30.72 	 0.0103 	  48.02 	 0.0156 	 0.0076 	 104.05 	 0.0110 	  42.04 	 0.0091 	  70.79 	   2.12 0.03
fashion_mnist_ffnn_2x200_with_positive_weights_tanh.h5            	 0.0099 	 0.0065 	  52.62 	 0.0083 	  19.23 	 0.0079 	  25.57 	 0.0102 	 0.0058 	  76.91 	 0.0080 	  27.06 	 0.0076 	  33.55 	   5.44 0.04
fashion_mnist_cnn_6layer_5_3_with_positive_weights_tanh.h5        	 0.0408 	 0.0269 	  51.63 	 0.0343 	  19.18 	 0.0296 	  37.67 	 0.0329 	 0.0180 	  82.76 	 0.0242 	  35.67 	 0.0180 	  82.66 	   5.74 0.35
fashion_mnist_ffnn_2x100_with_positive_weights_tanh.h5            	 0.0108 	 0.0072 	  49.24 	 0.0092 	  17.60 	 0.0086 	  25.85 	 0.0109 	 0.0060 	  81.56 	 0.0085 	  28.59 	 0.0077 	  41.95 	   1.11 0.01
fashion_mnist_cnn_5layer_5_3_with_positive_weights_tanh.h5        	 0.0305 	 0.0205 	  48.34 	 0.0264 	  15.55 	 0.0239 	  27.28 	 0.0201 	 0.0117 	  71.83 	 0.0158 	  27.03 	 0.0125 	  60.69 	   2.89 0.22
fashion_mnist_cnn_4layer_5_3_with_positive_weights_tanh.h5        	 0.0276 	 0.0190 	  45.57 	 0.0240 	  15.22 	 0.0223 	  24.07 	 0.0188 	 0.0097 	  95.03 	 0.0139 	  35.83 	 0.0129 	  45.82 	   1.19 0.16
fashion_mnist_cnn_3layer_2_3_with_positive_weights_tanh.h5        	 0.0271 	 0.0188 	  43.65 	 0.0242 	  11.68 	 0.0234 	  15.45 	 0.0111 	 0.0067 	  65.04 	 0.0091 	  22.42 	 0.0085 	  31.37 	   0.17 0.03
fashion_mnist_cnn_3layer_4_3_with_positive_weights_tanh.h5        	 0.0302 	 0.0216 	  39.92 	 0.0271 	  11.32 	 0.0263 	  14.88 	 0.0160 	 0.0106 	  51.09 	 0.0130 	  23.36 	 0.0121 	  32.45 	   0.30 0.06
fashion_mnist_ffnn_3x200_with_positive_weights_tanh.h5            	 0.0529 	 0.0389 	  35.98 	 0.0440 	  20.23 	 0.0354 	  49.70 	 0.0662 	 0.0536 	  23.48 	 0.0563 	  17.43 	 0.0454 	  45.67 	   7.22 0.01
----------------------------------------------------------------------------------------------------------------------------------------------------------------------------------------------------------------------------------------------------------
cifar10_ffnn_3x200_with_positive_weights_tanh_3581.h5             	 0.0226 	 0.0079 	 185.50 	 0.0137 	  65.86 	 0.0120 	  88.82 	 0.0176 	 0.0047 	 271.37 	 0.0092 	  90.91 	 0.0080 	 119.40 	   4.29 0.00
cifar10_ffnn_4x100_with_positive_weights_tanh_3114.h5             	 0.0198 	 0.0071 	 178.65 	 0.0106 	  88.06 	 0.0091 	 118.98 	 0.0146 	 0.0078 	  88.79 	 0.0101 	  45.63 	 0.0097 	  51.19 	   1.84 0.01
cifar10_ffnn_3x700_with_positive_weights_tanh_2906.h5             	 0.0688 	 0.0287 	 140.06 	 0.0391 	  76.09 	 0.0384 	  78.93 	 0.0512 	 0.0363 	  41.08 	 0.0386 	  32.64 	 0.0406 	  26.33 	 104.34 0.64
cifar10_ffnn_3x400_with_positive_weights_tanh_2988.h5             	 0.0484 	 0.0211 	 129.25 	 0.0295 	  64.15 	 0.0256 	  88.85 	 0.0441 	 0.0233 	  89.15 	 0.0291 	  51.58 	 0.0253 	  74.69 	  35.95 0.13
cifar10_ffnn_3x100_with_positive_weights_tanh_3281.h5             	 0.0429 	 0.0208 	 106.35 	 0.0295 	  45.33 	 0.0269 	  59.42 	 0.0435 	 0.0227 	  91.80 	 0.0270 	  61.35 	 0.0256 	  69.66 	   1.25 0.01
cifar10_ffnn_5x100_with_positive_weights_tanh_2823.h5             	 0.0462 	 0.0272 	  69.75 	 0.0315 	  46.45 	 0.0300 	  54.12 	 0.0400 	 0.0371 	   7.84 	 0.0378 	   5.96 	 0.0378 	   5.87 	   2.46 0.05
cifar10_ffnn_3x50_with_positive_weights_tanh_38.h5                	 0.0170 	 0.0102 	  67.39 	 0.0138 	  23.30 	 0.0134 	  27.26 	 0.0111 	 0.0048 	 129.96 	 0.0077 	  44.73 	 0.0071 	  56.32 	   0.43 0.00
cifar10_cnn_3layer_2_3_with_positive_weights_tanh_3853.h5         	 0.0136 	 0.0130 	   5.17 	 0.0134 	   1.49 	 0.0134 	   1.56 	 0.0106 	 0.0094 	  12.95 	 0.0102 	   4.01 	 0.0102 	   4.21 	   0.30 0.04
cifar10_cnn_3layer_4_3_with_positive_weights_tanh_4031.h5         	 0.0102 	 0.0098 	   3.46 	 0.0101 	   0.99 	 0.0101 	   0.99 	 0.0062 	 0.0058 	   7.04 	 0.0061 	   1.80 	 0.0061 	   1.96 	   0.57 0.08
cifar10_cnn_3layer_5_3_with_positive_weights_tanh_4159.h5         	 0.0094 	 0.0091 	   3.30 	 0.0093 	   0.97 	 0.0093 	   0.97 	 0.0066 	 0.0062 	   6.47 	 0.0065 	   1.86 	 0.0065 	   2.02 	   0.73 0.10
==========================================================================================================================================================================================================================================================

 
 

==========================================================================================================================================================================================================================================================
Table 8: 

Model                                                             	 NW_aver 	 DC_aver 	 Impr.(%) 	 VN_aver 	 Impr.(%) 	 RV_aver 	 Impr.(%) 	 NW_std 	 DC_std 	 Impr.(%) 	 VN_std 	 Impr.(%) 	 RV_std 	 Impr.(%) 	    Time(s)
----------------------------------------------------------------------------------------------------------------------------------------------------------------------------------------------------------------------------------------------------------
mnist_cnn_6layer_5_3_with_positive_weights_atan_9389.h5           	 0.0484 	 0.0227 	 113.44 	 0.0367 	  32.11 	 0.0325 	  49.15 	 0.0189 	 0.0061 	 210.16 	 0.0124 	  52.21 	 0.0098 	  92.67 	   5.64 0.27
mnist_ffnn_5x100_with_positive_weights_atan_9233.h5               	 0.0020 	 0.0010 	  99.01 	 0.0015 	  29.68 	 0.0014 	  41.55 	 0.0012 	 0.0004 	 171.11 	 0.0008 	  48.78 	 0.0007 	  67.12 	   4.45 0.05
mnist_ffnn_3x700_with_positive_weights_atan_9650.h5               	 0.0022 	 0.0013 	  70.45 	 0.0019 	  20.32 	 0.0017 	  29.31 	 0.0012 	 0.0006 	  98.31 	 0.0009 	  28.57 	 0.0008 	  42.68 	 117.50 0.48
mnist_ffnn_3x50_with_positive_weights_atan_9327.h5                	 0.0051 	 0.0032 	  58.57 	 0.0043 	  18.10 	 0.0040 	  26.62 	 0.0026 	 0.0014 	  90.58 	 0.0020 	  32.83 	 0.0017 	  52.91 	   0.14 0.00
mnist_ffnn_3x400_with_positive_weights_atan_9706.h5               	 0.0024 	 0.0015 	  58.39 	 0.0020 	  17.41 	 0.0019 	  24.21 	 0.0011 	 0.0006 	  92.98 	 0.0009 	  26.44 	 0.0008 	  37.50 	  39.49 0.10
mnist_ffnn_3x200_with_positive_weights_atan_9700.h5               	 0.0028 	 0.0018 	  55.80 	 0.0024 	  16.53 	 0.0023 	  22.08 	 0.0012 	 0.0006 	  95.24 	 0.0010 	  28.12 	 0.0009 	  41.38 	  10.66 0.11
mnist_ffnn_3x100_with_positive_weights_atan_9662.h5               	 0.0031 	 0.0020 	  50.98 	 0.0027 	  14.93 	 0.0026 	  19.84 	 0.0013 	 0.0007 	  76.06 	 0.0010 	  22.55 	 0.0009 	  31.58 	   2.22 0.01
mnist_cnn_5layer_5_3_with_positive_weights_atan_9575.h5           	 0.0218 	 0.0154 	  41.93 	 0.0196 	  11.22 	 0.0191 	  14.02 	 0.0069 	 0.0039 	  76.84 	 0.0059 	  18.80 	 0.0055 	  26.59 	   2.83 0.21
mnist_cnn_3layer_2_3_with_positive_weights_atan_9499.h5           	 0.0138 	 0.0100 	  38.99 	 0.0127 	   8.90 	 0.0124 	  11.08 	 0.0042 	 0.0026 	  64.20 	 0.0037 	  12.83 	 0.0036 	  17.88 	   0.17 0.03
mnist_cnn_4layer_5_3_with_positive_weights_atan_9678.h5           	 0.0203 	 0.0151 	  34.37 	 0.0186 	   9.05 	 0.0182 	  11.20 	 0.0068 	 0.0042 	  62.47 	 0.0059 	  15.15 	 0.0057 	  20.85 	   1.15 0.13
mnist_cnn_3layer_4_3_with_positive_weights_atan_9481.h5           	 0.0162 	 0.0127 	  27.46 	 0.0152 	   6.51 	 0.0151 	   7.57 	 0.0053 	 0.0036 	  46.65 	 0.0048 	   9.83 	 0.0047 	  12.66 	   0.30 0.05
----------------------------------------------------------------------------------------------------------------------------------------------------------------------------------------------------------------------------------------------------------
fashion_mnist_ffnn_4x100_with_positive_weights_atan.h5            	 0.0179 	 0.0066 	 172.71 	 0.0108 	  66.26 	 0.0092 	  94.88 	 0.0279 	 0.0093 	 200.32 	 0.0150 	  85.31 	 0.0134 	 107.68 	   3.33 0.01
fashion_mnist_ffnn_3x100_with_positive_weights_atan.h5            	 0.0120 	 0.0062 	  92.91 	 0.0091 	  31.07 	 0.0081 	  47.17 	 0.0127 	 0.0056 	 124.07 	 0.0089 	  42.41 	 0.0078 	  63.14 	   2.22 0.01
fashion_mnist_ffnn_3x200_with_positive_weights_atan.h5            	 0.0097 	 0.0053 	  83.46 	 0.0077 	  25.49 	 0.0071 	  36.49 	 0.0107 	 0.0052 	 106.78 	 0.0081 	  31.89 	 0.0070 	  52.43 	  10.83 0.07
fashion_mnist_ffnn_2x100_with_positive_weights_atan.h5            	 0.0105 	 0.0068 	  55.54 	 0.0091 	  16.35 	 0.0086 	  23.01 	 0.0095 	 0.0045 	 109.27 	 0.0074 	  28.11 	 0.0069 	  37.99 	   1.13 0.02
fashion_mnist_cnn_6layer_5_3_with_positive_weights_atan.h5        	 0.0324 	 0.0214 	  51.87 	 0.0282 	  14.95 	 0.0258 	  25.88 	 0.0228 	 0.0132 	  72.69 	 0.0180 	  27.19 	 0.0134 	  69.87 	   5.68 0.33
fashion_mnist_ffnn_2x200_with_positive_weights_atan.h5            	 0.0086 	 0.0058 	  49.14 	 0.0076 	  13.97 	 0.0073 	  18.82 	 0.0079 	 0.0043 	  81.61 	 0.0065 	  20.98 	 0.0061 	  29.08 	   4.96 1.33
fashion_mnist_cnn_3layer_2_3_with_positive_weights_atan.h5        	 0.0266 	 0.0180 	  47.64 	 0.0235 	  13.34 	 0.0225 	  17.97 	 0.0179 	 0.0089 	 101.01 	 0.0127 	  41.29 	 0.0115 	  55.37 	   0.17 0.03
fashion_mnist_cnn_4layer_5_3_with_positive_weights_atan.h5        	 0.0241 	 0.0168 	  43.44 	 0.0217 	  10.82 	 0.0207 	  16.06 	 0.0117 	 0.0075 	  55.51 	 0.0099 	  17.93 	 0.0090 	  30.40 	   1.16 0.14
fashion_mnist_cnn_5layer_5_3_with_positive_weights_atan.h5        	 0.0266 	 0.0189 	  40.75 	 0.0241 	  10.50 	 0.0228 	  16.95 	 0.0121 	 0.0083 	  47.15 	 0.0107 	  13.88 	 0.0099 	  22.75 	   2.85 0.22
fashion_mnist_cnn_3layer_4_3_with_positive_weights_atan.h5        	 0.0258 	 0.0196 	  31.65 	 0.0237 	   8.64 	 0.0231 	  11.60 	 0.0158 	 0.0103 	  53.54 	 0.0135 	  17.61 	 0.0124 	  27.97 	   0.30 0.06
----------------------------------------------------------------------------------------------------------------------------------------------------------------------------------------------------------------------------------------------------------
cifar10_ffnn_4x100_with_positive_weights_atan.h5                  	 0.0173 	 0.0129 	  33.67 	 0.0158 	   9.70 	 0.0156 	  11.25 	 0.0128 	 0.0082 	  56.37 	 0.0110 	  16.11 	 0.0107 	  19.59 	   1.84 0.01
cifar10_ffnn_5x100_with_positive_weights_atan.h5                  	 0.0248 	 0.0191 	  30.05 	 0.0229 	   8.28 	 0.0227 	   9.38 	 0.0195 	 0.0139 	  40.20 	 0.0176 	  11.16 	 0.0173 	  13.09 	   2.42 0.02
cifar10_ffnn_3x50_with_positive_weights_atan_3875.h5              	 0.0186 	 0.0144 	  29.16 	 0.0171 	   8.41 	 0.0169 	   9.82 	 0.0112 	 0.0077 	  45.60 	 0.0099 	  13.42 	 0.0096 	  17.45 	   0.43 0.00
cifar10_ffnn_6x100_with_positive_weights_atan.h5                  	 0.0171 	 0.0133 	  28.61 	 0.0159 	   7.69 	 0.0158 	   8.44 	 0.0157 	 0.0115 	  36.79 	 0.0144 	   9.19 	 0.0142 	  10.42 	   3.02 0.01
cifar10_ffnn_3x100_with_positive_weights_atan_4078.h5             	 0.0138 	 0.0107 	  28.21 	 0.0127 	   8.17 	 0.0126 	   9.29 	 0.0113 	 0.0077 	  46.38 	 0.0100 	  13.30 	 0.0098 	  15.85 	   1.26 0.00
cifar10_ffnn_3x200_with_positive_weights_atan_4291.h5             	 0.0107 	 0.0088 	  22.30 	 0.0101 	   6.23 	 0.0101 	   6.86 	 0.0073 	 0.0053 	  36.26 	 0.0066 	  10.12 	 0.0065 	  11.47 	   5.30 1.03
cifar10_ffnn_3x700_with_positive_weights_atan.h5                  	 0.0079 	 0.0066 	  21.07 	 0.0075 	   5.73 	 0.0074 	   6.59 	 0.0053 	 0.0040 	  33.08 	 0.0049 	   9.03 	 0.0048 	  10.63 	 104.52 0.46
cifar10_ffnn_3x400_with_positive_weights_atan.h5                  	 0.0105 	 0.0087 	  20.83 	 0.0099 	   5.74 	 0.0099 	   6.38 	 0.0068 	 0.0051 	  34.45 	 0.0062 	   9.46 	 0.0062 	  10.88 	  38.18 0.04
cifar10_cnn_3layer_2_3_with_positive_weights_atan_3782.h5         	 0.0115 	 0.0111 	   3.24 	 0.0114 	   0.88 	 0.0114 	   0.88 	 0.0078 	 0.0074 	   5.80 	 0.0077 	   1.55 	 0.0077 	   1.69 	   0.30 0.04
cifar10_cnn_3layer_4_3_with_positive_weights_atan.h5              	 0.0080 	 0.0077 	   3.10 	 0.0079 	   0.88 	 0.0079 	   0.88 	 0.0051 	 0.0048 	   5.63 	 0.0050 	   1.40 	 0.0050 	   1.60 	   0.56 0.07
cifar10_cnn_3layer_5_3_with_positive_weights_atan.h5              	 0.0095 	 0.0092 	   2.49 	 0.0094 	   0.64 	 0.0094 	   0.64 	 0.0060 	 0.0058 	   4.49 	 0.0060 	   1.17 	 0.0060 	   1.34 	   0.72 0.09
==========================================================================================================================================================================================================================================================

 
 

=====================================================================================================================================================================================================================================================================================================================================
Table 9: 

Model                                                             	 Alg.1_aver 	    DC_aver 	   Impr.(%) 	    VN_aver 	   Impr.(%) 	    RV_aver 	   Impr.(%) 	  Alg.1_std 	     DC_std 	   Impr.(%) 	     VN_std 	   Impr.(%) 	     RV_std 	   Impr.(%) 	 Alg.1 Time(s) 	 Others Time(s)
-------------------------------------------------------------------------------------------------------------------------------------------------------------------------------------------------------------------------------------------------------------------------------------------------------------------------------------
mnist_cnn_as_mlp_2layer_1_5_sigmoid_local.pth                     	     0.0733 	     0.0437 	      67.69 	     0.0435 	      68.66 	     0.0428 	      71.34 	     0.0339 	     0.0145 	     132.94 	     0.0143 	     137.35 	     0.0137 	    147.41 	       0.48 	       0.06 0.01
mnist_cnn_as_mlp_2layer_1_5_tanh_local.pth                        	     0.0486 	     0.0270 	      79.67 	     0.0285 	      70.47 	     0.0277 	      75.64 	     0.0226 	     0.0124 	      82.29 	     0.0132 	      71.78 	     0.0121 	     86.65 	       0.55 	       0.06 0.01
mnist_cnn_as_mlp_2layer_2_5_sigmoid_local.pth                     	     0.0735 	     0.0541 	      35.78 	     0.0539 	      36.46 	     0.0521 	      41.21 	     0.0322 	     0.0208 	      54.68 	     0.0207 	      55.88 	     0.0187 	     72.05 	       1.18 	       0.08 0.01
mnist_cnn_as_mlp_2layer_2_5_tanh_local.pth                        	     0.0468 	     0.0315 	      48.62 	     0.0331 	      41.49 	     0.0321 	      46.12 	     0.0214 	     0.0113 	      89.87 	     0.0122 	      75.99 	     0.0113 	     90.20 	       1.21 	       0.08 0.01
mnist_cnn_as_mlp_2layer_3_5_sigmoid_local.pth                     	     0.0681 	     0.0526 	      29.47 	     0.0524 	      29.92 	     0.0503 	      35.40 	     0.0284 	     0.0197 	      44.23 	     0.0196 	      44.67 	     0.0176 	     61.62 	       1.62 	       0.09 0.02
mnist_cnn_as_mlp_2layer_3_5_tanh_local.pth                        	     0.0439 	     0.0313 	      40.16 	     0.0326 	      34.32 	     0.0317 	      38.48 	     0.0187 	     0.0112 	      66.37 	     0.0120 	      55.32 	     0.0111 	     68.46 	       1.55 	       0.10 0.02
mnist_cnn_as_mlp_2layer_4_5_sigmoid_local.pth                     	     0.0867 	     0.0647 	      33.97 	     0.0645 	      34.36 	     0.0621 	      39.69 	     0.0403 	     0.0233 	      73.05 	     0.0232 	      73.87 	     0.0210 	     92.02 	       2.37 	       0.11 0.02
mnist_cnn_as_mlp_2layer_4_5_tanh_local.pth                        	     0.0453 	     0.0262 	      73.14 	     0.0272 	      66.52 	     0.0266 	      70.47 	     0.0223 	     0.0095 	     135.56 	     0.0103 	     117.65 	     0.0096 	    133.34 	       2.19 	       0.10 0.02
mnist_cnn_as_mlp_2layer_5_3_sigmoid.pth                           	     0.0711 	     0.0477 	      49.02 	     0.0476 	      49.34 	     0.0471 	      51.11 	     0.0426 	     0.0182 	     133.41 	     0.0182 	     134.31 	     0.0176 	    141.90 	       2.71 	       0.09 0.03
mnist_cnn_as_mlp_2layer_5_3_tanh.pth                              	     0.0283 	     0.0189 	      49.79 	     0.0192 	      47.37 	     0.0191 	      48.45 	     0.0149 	     0.0071 	     110.96 	     0.0072 	     106.28 	     0.0071 	    110.66 	       3.24 	       0.09 0.02
fashion_mnist_cnn_as_mlp_2layer_1_5_sigmoid_local.pth             	     0.1081 	     0.0877 	      23.25 	     0.0876 	      23.35 	     0.0835 	      29.43 	     0.0555 	     0.0385 	      44.20 	     0.0386 	      43.83 	     0.0348 	     59.22 	       0.43 	       0.06 0.01
fashion_mnist_cnn_as_mlp_2layer_1_5_tanh_local.pth                	     0.0709 	     0.0490 	      44.81 	     0.0554 	      27.90 	     0.0525 	      34.94 	     0.0337 	     0.0211 	      59.81 	     0.0254 	      32.56 	     0.0227 	     48.40 	       0.54 	       0.06 0.01
fashion_mnist_cnn_as_mlp_2layer_2_5_sigmoid_local.pth             	     0.1061 	     0.0823 	      28.98 	     0.0822 	      29.04 	     0.0777 	      36.60 	     0.0541 	     0.0353 	      53.26 	     0.0355 	      52.44 	     0.0311 	     74.00 	       0.63 	       0.08 0.01
fashion_mnist_cnn_as_mlp_2layer_2_5_tanh_local.pth                	     0.0747 	     0.0482 	      55.02 	     0.0535 	      39.58 	     0.0509 	      46.82 	     0.0433 	     0.0214 	     102.72 	     0.0260 	      66.41 	     0.0233 	     85.44 	       0.72 	       0.08 0.01
fashion_mnist_cnn_as_mlp_2layer_3_5_sigmoid_local.pth             	     0.1163 	     0.0843 	      37.84 	     0.0843 	      37.85 	     0.0811 	      43.39 	     0.0658 	     0.0371 	      77.26 	     0.0374 	      75.98 	     0.0344 	     91.33 	       0.98 	       0.09 0.02
fashion_mnist_cnn_as_mlp_2layer_3_5_tanh_local.pth                	     0.0747 	     0.0464 	      60.74 	     0.0506 	      47.64 	     0.0478 	      56.04 	     0.0425 	     0.0214 	      98.60 	     0.0245 	      73.67 	     0.0215 	     97.49 	       1.24 	       0.10 0.02
fashion_mnist_cnn_as_mlp_2layer_4_5_sigmoid_local.pth             	     0.1100 	     0.0814 	      35.04 	     0.0814 	      35.09 	     0.0784 	      40.30 	     0.0541 	     0.0366 	      47.80 	     0.0367 	      47.32 	     0.0336 	     60.72 	       1.88 	       0.11 0.02
fashion_mnist_cnn_as_mlp_2layer_4_5_tanh_local.pth                	     0.0702 	     0.0475 	      47.98 	     0.0518 	      35.64 	     0.0494 	      42.15 	     0.0373 	     0.0213 	      75.35 	     0.0246 	      51.82 	     0.0219 	     70.39 	       1.64 	       0.11 0.02
fashion_mnist_cnn_as_mlp_2layer_5_3_sigmoid.pth                   	     0.1003 	     0.0700 	      43.19 	     0.0699 	      43.40 	     0.0678 	      47.90 	     0.0610 	     0.0340 	      79.43 	     0.0340 	      79.16 	     0.0312 	     95.04 	       2.17 	       0.10 0.03
fashion_mnist_cnn_as_mlp_2layer_5_3_tanh.pth                      	     0.0508 	     0.0322 	      58.01 	     0.0335 	      51.65 	     0.0325 	      56.60 	     0.0375 	     0.0169 	     121.55 	     0.0184 	     104.41 	     0.0167 	    125.28 	       2.39 	       0.10 0.02
-------------------------------------------------------------------------------------------------------------------------------------------------------------------------------------------------------------------------------------------------------------------------------------------------------------------------------------
mnist_fnn_1x50_sigmoid_local.pth                                  	     0.0354 	     0.0275 	      28.47 	     0.0279 	      26.81 	     0.0235 	      50.32 	     0.0130 	     0.0082 	      58.22 	     0.0085 	      52.63 	     0.0062 	    107.91 	       0.33 	       0.03 0.00
mnist_fnn_1x50_tanh_local.pth                                     	     0.0258 	     0.0171 	      51.02 	     0.0199 	      29.90 	     0.0167 	      54.91 	     0.0092 	     0.0051 	      81.09 	     0.0058 	      58.84 	     0.0042 	    118.60 	       0.29 	       0.03 0.00
mnist_fnn_1x100_sigmoid_local.pth                                 	     0.0326 	     0.0247 	      31.95 	     0.0250 	      30.52 	     0.0215 	      51.64 	     0.0113 	     0.0064 	      77.81 	     0.0066 	      70.85 	     0.0050 	    127.80 	       0.37 	       0.04 0.00
mnist_fnn_1x100_tanh_local.pth                                    	     0.0226 	     0.0151 	      49.61 	     0.0179 	      26.04 	     0.0152 	      48.43 	     0.0086 	     0.0042 	     106.02 	     0.0050 	      70.87 	     0.0037 	    132.12 	       0.33 	       0.04 0.01
mnist_fnn_1x150_sigmoid_local.pth                                 	     0.0369 	     0.0290 	      27.33 	     0.0292 	      26.45 	     0.0254 	      45.10 	     0.0128 	     0.0083 	      55.11 	     0.0085 	      50.39 	     0.0064 	     99.81 	       0.34 	       0.06 0.00
mnist_fnn_1x150_tanh_local.pth                                    	     0.0244 	     0.0169 	      44.53 	     0.0198 	      22.90 	     0.0171 	      42.84 	     0.0080 	     0.0046 	      73.39 	     0.0056 	      43.36 	     0.0042 	     90.24 	       0.34 	       0.06 0.00
mnist_fnn_1x200_sigmoid_local.pth                                 	     0.0377 	     0.0260 	      44.85 	     0.0261 	      44.13 	     0.0230 	      63.59 	     0.0125 	     0.0074 	      68.50 	     0.0076 	      64.94 	     0.0058 	    116.11 	       0.37 	       0.07 0.00
mnist_fnn_1x200_tanh_local.pth                                    	     0.0234 	     0.0154 	      51.62 	     0.0184 	      27.27 	     0.0162 	      44.76 	     0.0084 	     0.0034 	     146.56 	     0.0045 	      85.74 	     0.0035 	    140.93 	       0.38 	       0.07 0.01
mnist_fnn_1x250_sigmoid_local.pth                                 	     0.0360 	     0.0256 	      40.79 	     0.0257 	      40.29 	     0.0229 	      57.20 	     0.0122 	     0.0075 	      64.27 	     0.0076 	      61.67 	     0.0060 	    105.00 	       0.47 	       0.09 0.00
mnist_fnn_1x250_tanh_local.pth                                    	     0.0233 	     0.0141 	      64.91 	     0.0166 	      40.22 	     0.0147 	      58.52 	     0.0072 	     0.0032 	     125.87 	     0.0040 	      76.79 	     0.0031 	    128.03 	       0.43 	       0.09 0.00
fashion_mnist_fnn_1x50_sigmoid_local.pth                          	     0.0497 	     0.0351 	      41.48 	     0.0356 	      39.54 	     0.0292 	      70.00 	     0.0200 	     0.0117 	      70.71 	     0.0122 	      64.40 	     0.0089 	    124.92 	       0.28 	       0.03 0.00
fashion_mnist_fnn_1x50_tanh_local.pth                             	     0.0314 	     0.0206 	      52.22 	     0.0237 	      32.25 	     0.0193 	      62.73 	     0.0122 	     0.0067 	      81.44 	     0.0081 	      50.76 	     0.0057 	    114.99 	       0.26 	       0.03 0.00
fashion_mnist_fnn_1x100_sigmoid_local.pth                         	     0.0439 	     0.0331 	      32.86 	     0.0334 	      31.51 	     0.0276 	      59.43 	     0.0182 	     0.0119 	      52.29 	     0.0123 	      48.44 	     0.0088 	    107.34 	       0.39 	       0.04 0.00
fashion_mnist_fnn_1x100_tanh_local.pth                            	     0.0254 	     0.0185 	      37.36 	     0.0213 	      19.14 	     0.0177 	      43.82 	     0.0102 	     0.0059 	      72.83 	     0.0068 	      50.11 	     0.0048 	    110.40 	       0.30 	       0.04 0.00
fashion_mnist_fnn_1x150_sigmoid_local.pth                         	     0.0469 	     0.0375 	      25.21 	     0.0377 	      24.38 	     0.0317 	      48.03 	     0.0167 	     0.0120 	      38.89 	     0.0123 	      35.72 	     0.0090 	     85.03 	       0.40 	       0.06 0.00
fashion_mnist_fnn_1x150_tanh_local.pth                            	     0.0322 	     0.0208 	      54.62 	     0.0239 	      34.56 	     0.0198 	      62.68 	     0.0124 	     0.0068 	      82.61 	     0.0078 	      57.48 	     0.0056 	    120.76 	       0.35 	       0.06 0.00
fashion_mnist_fnn_1x200_sigmoid_local.pth                         	     0.0470 	     0.0378 	      24.48 	     0.0380 	      23.63 	     0.0318 	      47.76 	     0.0200 	     0.0129 	      54.85 	     0.0132 	      51.45 	     0.0096 	    108.40 	       0.40 	       0.07 0.00
fashion_mnist_fnn_1x200_tanh_local.pth                            	     0.0286 	     0.0199 	      43.42 	     0.0229 	      24.71 	     0.0192 	      48.79 	     0.0111 	     0.0065 	      71.16 	     0.0075 	      47.33 	     0.0056 	    100.15 	       0.43 	       0.07 0.01
fashion_mnist_fnn_1x250_sigmoid_local.pth                         	     0.0449 	     0.0385 	      16.71 	     0.0387 	      16.20 	     0.0326 	      37.59 	     0.0176 	     0.0126 	      39.76 	     0.0128 	      37.91 	     0.0096 	     84.50 	       0.46 	       0.09 0.00
fashion_mnist_fnn_1x250_tanh_local.pth                            	     0.0300 	     0.0196 	      53.12 	     0.0226 	      33.10 	     0.0191 	      57.46 	     0.0104 	     0.0059 	      77.28 	     0.0067 	      54.55 	     0.0049 	    113.39 	       0.45 	       0.09 0.00
=====================================================================================================================================================================================================================================================================================================================================

 
 

